1561996969.293296000 -0.00695607381 0.779545388 0.928952231 0.697689103 0.00344079752 0.018434922 -0.716155171
1561996969.360057000 -0.0234580866 0.768752085 0.921419683 0.698266818 0.00457132972 0.0167593409 -0.715627633
1561996969.427438000 -0.0498003828 0.771454232 0.914541754 0.699773604 0.00375131327 0.0191595934 -0.714099249
1561996969.493611000 -0.0740896335 0.766570326 0.913738752 0.7001734 0.00256469452 0.0223156755 -0.713621536
1561996969.560430000 -0.0937254462 0.767243111 0.912249412 0.701129237 0.00196259682 0.0239417723 -0.712632678
1561996969.627538000 -0.11139481 0.762476272 0.912975498 0.701830328 0.00127959939 0.0234863258 -0.711959376
1561996969.694048000 -0.129967411 0.760588242 0.935764664 0.701934023 0.00321859466 0.0262044191 -0.711756916
1561996969.760696000 -0.166082052 0.75948196 0.93577126 0.705174234 0.00179851158 0.026208913 -0.708551374
1561996969.827638000 -0.180372834 0.755908121 0.944083778 0.704601736 -0.000229514141 0.0293443659 -0.709000138
1561996969.894400000 -0.213485564 0.746918849 0.941874357 0.706622507 -0.00139176669 0.0272238233 -0.707070889
1561996969.961292000 -0.245926844 0.742404098 0.947314885 0.708363463 -0.00110429405 0.0266704698 -0.70534878
1561996970.028027000 -0.261281749 0.734254272 0.957986309 0.708006385 -0.00271202651 0.0299696245 -0.705572246
1561996970.094760000 -0.2815123 0.727908869 0.956536973 0.70871546 -0.00458840407 0.0303396176 -0.704834362
1561996970.161522000 -0.300439044 0.718870723 0.977167688 0.710158984 -0.00215966351 0.0312045748 -0.703354264
1561996970.228326000 -0.320235956 0.711548931 0.977475307 0.710260772 -0.00357544364 0.0319336133 -0.703214192
1561996970.295137000 -0.321907706 0.695820276 0.988336219 0.709621264 -0.00304018673 0.0321746499 -0.703851774
1561996970.361895000 -0.354776211 0.68431663 0.993041644 0.712115497 -0.00360903782 0.0310195351 -0.701377199
1561996970.428672000 -0.365071107 0.673091836 0.974940057 0.712335452 -0.00549487627 0.0295326578 -0.701206399
1561996970.495414000 -0.387083121 0.662925441 0.983413747 0.714045093 -0.00429241776 0.0303268957 -0.699440365
1561996970.562235000 -0.39140203 0.6497305 0.981363384 0.713558008 -0.00353553574 0.0301669398 -0.699950012
1561996970.629124000 -0.401369492 0.636318912 0.977919913 0.714352781 -0.00248238273 0.0295074726 -0.699172868
1561996970.695871000 -0.429133673 0.625990277 0.98077397 0.716097695 -0.0042644098 0.0314338233 -0.69729449
1561996970.762657000 -0.431343732 0.605808909 0.962129734 0.715503669 -0.0075001458 0.0316707877 -0.69786692
1561996970.829428000 -0.445263467 0.594286665 0.972263593 0.71660224 -0.00348874031 0.0312747856 -0.696788636
1561996970.896183000 -0.459429317 0.582679532 0.974679711 0.716775826 -0.00294833294 0.0310803391 -0.696621433
1561996970.962852000 -0.469885902 0.5631163 0.958458825 0.716531916 -0.00428392655 0.0290933015 -0.696952102
1561996971.029724000 -0.489023179 0.548506044 0.984772381 0.71791813 -0.000623512626 0.0302553339 -0.69548959
1561996971.096508000 -0.500739748 0.529830164 0.954999823 0.717581562 -0.00534839776 0.0278694944 -0.695917677
1561996971.163280000 -0.509588316 0.516596277 0.968038983 0.716952988 -0.00454897996 0.0280472994 -0.696564047
1561996971.230214000 -0.520257546 0.500710799 0.986106204 0.716812854 -0.00110176586 0.0282174052 -0.696716629
1561996971.296949000 -0.519459187 0.480922305 0.968372481 0.714603565 -0.0050042521 0.0280520792 -0.698972833
1561996971.363651000 -0.513667374 0.456247987 0.962910133 0.712393496 -0.0070253862 0.0275416417 -0.701228925
1561996971.430524000 -0.526627594 0.440690469 0.969037568 0.712284486 -0.00860309453 0.0283961222 -0.701289014
1561996971.564070000 -0.540937606 0.406166836 0.988200617 0.710776448 -0.00892374932 0.0285863385 -0.702806394
1561996971.630946000 -0.538906488 0.384913057 0.985937712 0.708800367 -0.0102210883 0.0292326354 -0.704755671
1561996971.697563000 -0.551993172 0.370511748 0.985647916 0.708740798 -0.0114736901 0.0290293697 -0.704805265
1561996971.831217000 -0.545853334 0.334100859 1.00570082 0.705482525 -0.00902664102 0.0303781904 -0.708046404
1561996971.897987000 -0.555789546 0.31190122 0.98428033 0.704620975 -0.0133935892 0.0295801691 -0.70886935
1561996972.031583000 -0.54993438 0.273457134 0.996419443 0.701986182 -0.0130328293 0.0297439248 -0.71148011
1561996972.098418000 -0.554959443 0.256974528 1.01069986 0.701492673 -0.00939863756 0.0301297291 -0.712008633
1561996972.232032000 -0.552501534 0.215788309 0.997652748 0.700385375 -0.011183286 0.0285358748 -0.713138868
1561996972.299126000 -0.546059924 0.195654081 0.991360114 0.698904411 -0.0139894011 0.0290522747 -0.714521725
1561996972.432318000 -0.547460928 0.155113185 0.98092949 0.699188842 -0.0127809892 0.0257239131 -0.714395544
1561996972.565876000 -0.539648998 0.107186457 0.982712954 0.69943293 -0.0112726119 0.0260351098 -0.714171919
1561996972.700333000 -0.529381683 0.065721344 0.962980723 0.699423756 -0.0130022619 0.0236593931 -0.714235504
1561996972.766216000 -0.527354658 0.0455272064 0.965644186 0.70011448 -0.0130680778 0.0247339583 -0.713520754
1561996972.833097000 -0.512560161 0.0270140796 0.970833024 0.699484117 -0.011740109 0.0248886399 -0.714156702
1561996972.966593000 -0.496557936 -0.0145055331 0.977465587 0.69961872 -0.00930402864 0.0228346278 -0.714129856
1561996973.033430000 -0.492365843 -0.0406657983 0.964324528 0.700074654 -0.0122872491 0.0205527802 -0.713707571
1561996973.166949000 -0.4809258 -0.0823128011 0.961535178 0.701664495 -0.0120153447 0.0174867662 -0.712231127
1561996973.233775000 -0.473520439 -0.101003705 0.976762766 0.702730914 -0.0102759603 0.0174073204 -0.711208985
1561996973.367276000 -0.467686334 -0.14496585 0.972562967 0.704604544 -0.0142934292 0.0162155171 -0.709312895
1561996973.501269000 -0.455745508 -0.189427723 0.958211649 0.7048939 -0.0185642911 0.0122481498 -0.709007092
1561996973.567667000 -0.441477241 -0.207393413 0.97401641 0.704238543 -0.01756817 0.0139603127 -0.709653876
1561996973.704147000 -0.421813092 -0.242989304 0.976022889 0.7035279 -0.0189786471 0.0121750078 -0.710355837
1561996973.768090000 -0.408498014 -0.258450914 0.991255673 0.703214776 -0.0198407759 0.0133976652 -0.710621051
1561996973.901751000 -0.388231204 -0.290365053 0.994075138 0.703560472 -0.0226676447 0.0137372109 -0.710189347
1561996974.035266000 -0.364992896 -0.317920184 1.00095297 0.703712148 -0.0210248088 0.0125117924 -0.710112774
1561996974.102123000 -0.33970456 -0.33149573 1.01047051 0.702721128 -0.0209820656 0.0144624785 -0.711058164
1561996974.235556000 -0.310763555 -0.357537035 1.00622272 0.70378312 -0.0186601069 0.0107018294 -0.71013914
1561996974.302479000 -0.293957717 -0.368984024 1.0092881 0.704732367 -0.0179404939 0.0103101004 -0.709222474
1561996974.369204000 -0.274815217 -0.379328939 1.01341418 0.7053303 -0.0181358016 0.0112918283 -0.708608575
1561996974.502955000 -0.254183331 -0.404066262 1.00385698 0.70640531 -0.0145704539 0.00827339993 -0.707661961
1561996974.569686000 -0.228932705 -0.417351166 1.00322215 0.704850012 -0.0157022881 0.00805675326 -0.709190685
1561996974.636300000 -0.222056655 -0.427132824 0.988219481 0.706330214 -0.017642135 0.00441563325 -0.707704464
1561996974.703276000 -0.199825082 -0.435480992 0.991643145 0.705678039 -0.019185904 0.00533680609 -0.708308742
1561996974.836679000 -0.177187102 -0.446574732 0.996363341 0.706440567 -0.0180450955 0.00506467856 -0.707581383
1561996974.903520000 -0.164940521 -0.452713222 1.0315872 0.706779861 -0.0130357292 0.00952469818 -0.707307783
1561996975.037094000 -0.143565156 -0.463947383 1.02784291 0.707926538 -0.0148895223 0.00861153793 -0.706136212
1561996975.103958000 -0.103400785 -0.465692679 1.03026248 0.705556087 -0.0156958868 0.00897389322 -0.708483992
1561996975.170670000 -0.0904508068 -0.470926963 1.02918922 0.706104893 -0.0160639653 0.00709059147 -0.707951026
1561996975.304410000 -0.0332478902 -0.475093204 1.00388715 0.703614888 -0.0171939277 -0.000904410004 -0.710434491
1561996975.371260000 -0.00972678138 -0.473488392 1.00496829 0.703227141 -0.0195187231 0.000358348836 -0.710759505
1561996975.437784000 0.0200265887 -0.472693426 1.01499511 0.701529397 -0.0207232062 0.00485394579 -0.712385516
1561996975.571350000 0.0452914615 -0.476224568 1.00112808 0.701438114 -0.0201354285 0.00408176528 -0.712498104
1561996975.638167000 0.0787876693 -0.474929194 0.990959373 0.699580128 -0.0218025239 0.00403395116 -0.71427426
1561996975.705074000 0.0942133895 -0.471551699 0.990311015 0.700610515 -0.0188779258 0.00149059282 -0.713357219
1561996975.838619000 0.136221981 -0.462739622 0.97873056 0.701837288 -0.0153640157 0.000252674665 -0.712237404
1561996975.905359000 0.154067918 -0.456946447 0.97119855 0.703798674 -0.016708778 0.00122706369 -0.710268448
1561996975.972079000 0.174078474 -0.451619567 0.971217041 0.704964474 -0.0153824324 0.00384660927 -0.709132254
1561996976.039170000 0.199886147 -0.446177834 0.965785224 0.704979303 -0.0142411183 0.00499537248 -0.709135478
1561996976.105795000 0.221827992 -0.438675835 0.95785261 0.706089617 -0.0138353647 0.00441251826 -0.708043059
1561996976.172438000 0.237892961 -0.432524761 0.952037984 0.70764527 -0.0150584035 0.00562853262 -0.706456108
1561996976.239245000 0.261057654 -0.425282335 0.946440393 0.708799006 -0.014454194 0.00389221734 -0.705324148
1561996976.373654000 0.300761054 -0.408152774 0.941699693 0.71194779 -0.0118790929 0.0041449446 -0.702192834
1561996976.439609000 0.317842662 -0.405332693 0.930772303 0.7128723 -0.00998076196 0.0013950835 -0.701294667
1561996976.506501000 0.332019 -0.396537553 0.927662226 0.71449219 -0.00969055555 0.00101698678 -0.699649616
1561996976.573305000 0.35993304 -0.384394321 0.928513124 0.713431598 -0.0107757509 0.00232688393 -0.700713015
1561996976.707197000 0.400414084 -0.361658865 0.926434192 0.712289077 -0.0118346215 0.00275143329 -0.701856115
1561996976.773600000 0.411863557 -0.350333209 0.929678632 0.713539068 -0.0107130501 0.00441222202 -0.700595484
1561996976.840367000 0.442181256 -0.338797964 0.950294543 0.71129185 -0.00761779858 0.00921138342 -0.702871055
1561996976.907263000 0.44555954 -0.326905143 0.935223664 0.713074392 -0.0110764264 0.00725220832 -0.701039016
1561996976.974031000 0.470159447 -0.309157029 0.953386513 0.711298604 -0.008570745 0.0126103487 -0.702800628
1561996977.040690000 0.497416586 -0.292602001 0.935520836 0.709297036 -0.00698147061 0.00713202484 -0.704916053
1561996977.107604000 0.494683501 -0.276721444 0.928124458 0.71198432 -0.00572207401 0.00453045907 -0.702234997
1561996977.174323000 0.516813395 -0.261140114 0.927414225 0.709798752 -0.00306174204 0.00305765807 -0.704469338
1561996977.241110000 0.509383651 -0.244081289 0.922108882 0.712469555 -0.0025815633 0.0023270778 -0.701772414
1561996977.307916000 0.529665231 -0.224844092 0.90328987 0.711073423 -0.00679885053 -0.000822593647 -0.703162413
1561996977.375031000 0.543158665 -0.20932902 0.899882247 0.709724161 -0.0067878155 -0.00103205292 -0.704525127
1561996977.441434000 0.550128081 -0.196740195 0.901365291 0.709432528 -0.00504734122 -0.00161901998 -0.704832126
1561996977.508290000 0.562921723 -0.178186421 0.905629915 0.708692766 -0.0045020966 -0.00073292697 -0.705581717
1561996977.575125000 0.577485381 -0.157994195 0.903977444 0.707635066 -0.00343529217 -0.000913848378 -0.706648956
1561996977.641814000 0.576999393 -0.138144481 0.90001096 0.708269568 -0.00130876989 -0.00297808905 -0.706014122
1561996977.708675000 0.592684349 -0.116421215 0.909254404 0.706554961 -0.0013846748 0.00180011459 -0.707734762
1561996977.775628000 0.597756089 -0.0922006472 0.919277459 0.706069872 0.0011763641 0.0031212279 -0.708214606
1561996977.842314000 0.604024759 -0.0733697971 0.911685512 0.706620139 0.00254944058 0.00108230288 -0.707668144
1561996977.909158000 0.609660874 -0.0526359473 0.898628367 0.70551293 0.00532635489 -0.00219075816 -0.708755053
1561996977.975706000 0.611497561 -0.0310608846 0.897216919 0.705391136 0.00632325067 -0.00206264532 -0.708868804
1561996978.042550000 0.63242028 -0.00605358349 0.901814305 0.703621383 0.006497292 0.000552231249 -0.710627706
1561996978.109431000 0.627434062 0.0182486678 0.902744216 0.704181574 0.00941284913 -0.000680017783 -0.710039644
1561996978.176085000 0.622578939 0.0371933933 0.91466386 0.704771033 0.0127952586 -0.00109568694 -0.709401087
1561996978.243148000 0.629857866 0.0589202889 0.899953451 0.704218485 0.00922388873 -0.000722246787 -0.710006244
1561996978.309698000 0.625266553 0.0818133672 0.897515112 0.705295212 0.00670211396 0.0002530619 -0.708965752
1561996978.376452000 0.61559666 0.0953050124 0.893385545 0.706892493 0.0116640196 -0.002947251 -0.707302578
1561996978.443363000 0.614833304 0.118135454 0.884313238 0.707255125 0.0150513773 -0.00569126821 -0.706859832
1561996978.510096000 0.628317118 0.139861989 0.879757366 0.705701329 0.0116758172 -0.00371524291 -0.708488842
1561996978.577013000 0.618033661 0.163170186 0.891070675 0.707586189 0.0101464198 0.000396192819 -0.706640043
1561996978.643600000 0.612508287 0.184671225 0.875724921 0.708883673 0.0115630552 -0.00201510475 -0.705313381
1561996978.711555000 0.618578609 0.20585756 0.89112974 0.708502452 0.0136141976 -0.00110659989 -0.705661947
1561996978.777176000 0.606896019 0.222738254 0.886699109 0.710046896 0.012113343 -4.84678278e-05 -0.704136466
1561996978.843975000 0.608769745 0.246430542 0.879652536 0.710719472 0.0104792279 -0.000289428375 -0.703484217
1561996978.910844000 0.616745298 0.268386998 0.899036492 0.710297546 0.0086767195 0.00716221528 -0.703898219
1561996978.977542000 0.601538826 0.289350638 0.872041388 0.712814141 0.00559361011 0.00224415604 -0.701415336
1561996979.044325000 0.58990372 0.304136134 0.859412793 0.713998527 0.00469070819 0.00131732878 -0.700219366
1561996979.111178000 0.589906424 0.328792219 0.865290539 0.713996592 0.00628447262 0.00147805724 -0.70020922
1561996979.177966000 0.58133103 0.348404111 0.898322772 0.714909512 0.00819394597 0.00738338951 -0.69922005
1561996979.244702000 0.581082784 0.370174363 0.911604202 0.714610072 0.0110779181 0.00851003633 -0.699473782
1561996979.311534000 0.580156528 0.387977366 0.914153359 0.714276979 0.0104891473 0.00996912148 -0.699804779
1561996979.378377000 0.569501706 0.398498379 0.919501924 0.714941159 0.00976149971 0.0134686891 -0.699078513
1561996979.445047000 0.571284304 0.418079171 0.912939966 0.714354222 0.00979648319 0.0112569357 -0.699717614
1561996979.511873000 0.547186074 0.433448539 0.919780796 0.716022708 0.0129083717 0.0113188805 -0.697958702
1561996979.578674000 0.537800522 0.450355632 0.940629558 0.715779491 0.0144431719 0.0130233283 -0.698148659
1561996979.645443000 0.53163404 0.472960837 0.941063118 0.714963786 0.0107914778 0.0134679311 -0.699042803
1561996979.712234000 0.542299287 0.487255094 0.949100754 0.713392313 0.010073494 0.0136951512 -0.700653607
1561996979.779204000 0.516932179 0.502199186 0.948526779 0.714769257 0.0125755662 0.0094290363 -0.69927909
1561996979.845807000 0.498494345 0.517869652 0.946171046 0.715262309 0.00901642186 0.0111614673 -0.698804439
1561996979.912673000 0.489578275 0.530463865 0.950946869 0.714319789 0.0120273805 0.00881156749 -0.699755869
1561996979.981045000 0.471235168 0.544084151 0.943656838 0.714910652 0.00892464745 0.011591599 -0.699158069
1561996980.046180000 0.457568668 0.560876986 0.938303826 0.714299255 0.00762332088 0.0123795545 -0.699784622
1561996980.112993000 0.457454678 0.573674925 0.949352775 0.712580253 0.0135715673 0.010676083 -0.701473748
1561996980.180660000 0.439836821 0.583964294 0.940783762 0.71297577 0.0135857979 0.00814087245 -0.701105983
1561996980.246988000 0.410817357 0.591748015 0.937510719 0.712155521 0.0113801058 0.00832539395 -0.701977051
1561996980.313316000 0.381764202 0.606755972 0.934209137 0.711635561 0.00710234828 0.0111681133 -0.702521437
1561996980.380821000 0.380678155 0.616352812 0.920266491 0.71084687 0.00828269656 0.00766477194 -0.70335429
1561996980.447335000 0.375975887 0.62128903 0.926758904 0.709641438 0.00768363432 0.0089775639 -0.704562612
1561996980.513737000 0.355667521 0.629064233 0.926354072 0.709474425 0.00805405214 0.00902017414 -0.704726632
1561996980.580541000 0.336213237 0.639333723 0.912554139 0.709527514 0.00734075585 0.00678089679 -0.704706904
1561996980.647233000 0.318842321 0.64839824 0.916761667 0.708691255 0.00392406311 0.010920226 -0.705524349
1561996980.714085000 0.299538018 0.657605634 0.918324645 0.708744666 0.00469117112 0.00962229724 -0.70548607
1561996980.781553000 0.284579385 0.664768913 0.908605527 0.707754198 0.00478324302 0.0105661848 -0.706466987
1561996980.847631000 0.271902981 0.674435159 0.910962442 0.706943016 0.00421079164 0.0122803287 -0.707256802
1561996980.914500000 0.25555203 0.681727557 0.914687886 0.706303771 0.00494707611 0.0139821857 -0.70785975
1561996980.981288000 0.232681792 0.689982872 0.924782813 0.705994052 0.00762694838 0.0129017969 -0.708166985
1561996981.048017000 0.214482638 0.692155519 0.917242302 0.705070771 0.00686187454 0.0112429032 -0.709123156
1561996981.114865000 0.197442295 0.69672481 0.913454019 0.704817119 0.00433340285 0.0109350315 -0.709401362
1561996981.181677000 0.160463441 0.702919117 0.906119924 0.704649098 0.00356144647 0.0103408851 -0.709582214
1561996981.248408000 0.161427752 0.706050343 0.936906302 0.702526434 0.00532779949 0.0148017028 -0.711594739
1561996981.315272000 0.149873459 0.709968298 0.918370752 0.701264959 0.00225140736 0.0152971356 -0.712844834
1561996981.382025000 0.127581567 0.715924449 0.9416622 0.7007406 0.004092827 0.0189111805 -0.713265923
1561996981.448786000 0.104706319 0.716418608 0.915486436 0.701337627 0.00226999404 0.0174838568 -0.712724348
1561996981.515550000 0.0776774217 0.716735873 0.905524183 0.701320039 0.00396498273 0.0149251792 -0.712793972
1561996981.582397000 0.0637091638 0.714241388 0.900203593 0.700988421 0.00665542444 0.0138088305 -0.713124157
1561996981.649151000 0.0444671471 0.711742612 0.881978983 0.701004243 0.00467822776 0.0143431311 -0.713114945
1561996981.715911000 0.0347347549 0.712058836 0.900856623 0.700214783 0.00623993102 0.0169950486 -0.713820452
1561996981.782814000 0.0202391729 0.71180587 0.880774797 0.699991066 0.00369884366 0.0158058536 -0.714085856
1561996981.849519000 -0.00949670146 0.709342653 0.863113322 0.700613722 0.00018115382 0.0161393168 -0.713477823
1561996981.916299000 -0.028492101 0.713141947 0.883457997 0.700753461 0.00255384531 0.0185482623 -0.713277981
1561996981.983167000 -0.0510834778 0.706906286 0.86118307 0.70208407 0.00181582072 0.0151291448 -0.712051903
1561996982.049842000 -0.0476998825 0.698745012 0.849487291 0.699498217 0.00106594458 0.0155226198 -0.714586751
1561996982.116637000 -0.0825630787 0.69896583 0.837412473 0.701435836 0.00117072288 0.0127495243 -0.712739979
1561996982.183440000 -0.0982481492 0.695531081 0.855806477 0.700606284 0.00385275451 0.0159680956 -0.71348296
1561996982.250231000 -0.118800476 0.692493864 0.852181223 0.70050385 0.00273322857 0.0184889426 -0.713528474
1561996982.317069000 -0.140174063 0.681360387 0.814146725 0.701476871 -1.60885535e-05 0.0132387998 -0.712694942
1561996982.383894000 -0.157512739 0.679608826 0.829937835 0.701606309 0.00114783633 0.0150864285 -0.712530313
1561996982.450558000 -0.173818269 0.681065363 0.857880044 0.70180865 0.00284044681 0.0201125998 -0.712202769
1561996982.517402000 -0.194079812 0.671027629 0.844029854 0.701951696 0.00280588221 0.0179703672 -0.7121202
1561996982.584274000 -0.202293959 0.664595356 0.857525769 0.700908796 0.00222280129 0.0236353022 -0.712984523
1561996982.650891000 -0.244901608 0.655298755 0.840334589 0.703666373 0.00138732776 0.020755646 -0.710355874
1561996982.717711000 -0.258120994 0.639647904 0.834717059 0.703291594 -0.000653424653 0.022176971 -0.710685467
1561996982.784647000 -0.275676157 0.633153817 0.826516386 0.703562221 -0.00141089862 0.0199821524 -0.710482538
1561996982.851280000 -0.293749303 0.624231567 0.84829334 0.704488619 0.000661916058 0.0193360365 -0.709584166
1561996982.918057000 -0.31141587 0.613216823 0.856486377 0.705274824 -0.000506624914 0.0203394787 -0.708775855
1561996982.985136000 -0.325808345 0.60893765 0.877148086 0.705752156 0.000694876647 0.0209272538 -0.708284705
1561996983.051652000 -0.357653302 0.593605388 0.8454911 0.706999707 -0.00555991083 0.0210849131 -0.707013744
1561996983.118448000 -0.353697727 0.585431802 0.854323231 0.706255561 -0.0053766369 0.0213645153 -0.707750385
1561996983.185421000 -0.374609028 0.572205009 0.85148624 0.707703503 -0.00560139414 0.0195235614 -0.706355269
1561996983.252016000 -0.371030751 0.560057653 0.865565653 0.706358936 -0.0063872073 0.0222597409 -0.707614436
1561996983.319002000 -0.396140603 0.549083629 0.873332718 0.707654845 -0.00590158396 0.0231499185 -0.706294995
1561996983.387288000 -0.409622198 0.537479541 0.885741406 0.708643382 -0.00257717309 0.0222833623 -0.705351896
1561996983.452443000 -0.414750968 0.52327123 0.881722548 0.70753526 -0.00461415152 0.0230546525 -0.706429467
1561996983.519151000 -0.451300063 0.510522805 0.878883544 0.709433599 -0.00526965161 0.0241602003 -0.704482588
1561996983.586167000 -0.459052429 0.49442432 0.880886741 0.709453206 -0.00585610357 0.0240817065 -0.704462927
1561996983.652786000 -0.474207702 0.480357039 0.885625551 0.709834156 -0.00653196044 0.0247198284 -0.704052887
1561996983.719507000 -0.490307372 0.466750817 0.878498528 0.711160556 -0.0052228607 0.0220687812 -0.702812388
1561996983.786561000 -0.50679159 0.441371042 0.868173575 0.712244933 -0.00533579918 0.0221676053 -0.701710213
1561996983.853167000 -0.503586901 0.424365769 0.877903953 0.711664909 -0.00525424957 0.0227373384 -0.702282057
1561996983.919899000 -0.518311601 0.404522615 0.869332605 0.712371057 -0.00835826188 0.0224160396 -0.701546891
1561996983.986870000 -0.534374114 0.38746425 0.863982735 0.713532417 -0.010768523 0.0222287421 -0.700339709
1561996984.053558000 -0.538424003 0.366381621 0.869061119 0.71393015 -0.0108651813 0.0207911812 -0.699979049
1561996984.120275000 -0.547234431 0.350126991 0.894384146 0.715417123 -0.00861984918 0.0229269383 -0.698424026
1561996984.187414000 -0.559740375 0.328435954 0.882378971 0.716277554 -0.0108106971 0.0206438587 -0.69758245
1561996984.253891000 -0.561532823 0.309451181 0.897812675 0.716564816 -0.0108031642 0.0212050758 -0.697271547
1561996984.387474000 -0.579030043 0.267895816 0.903300868 0.71942167 -0.00820468984 0.0211355683 -0.694361755
1561996984.454277000 -0.583147097 0.248238871 0.916667993 0.718920488 -0.0114442869 0.0247667263 -0.694716229
1561996984.587922000 -0.587069446 0.202174709 0.913767536 0.718922657 -0.0146753749 0.0230420479 -0.694713325
1561996984.654666000 -0.593744157 0.183248272 0.923571464 0.719948148 -0.0119297965 0.0212166442 -0.693762201
1561996984.788264000 -0.591211251 0.130373658 0.900958705 0.719534567 -0.0163013136 0.0164643185 -0.694232757
1561996984.855258000 -0.596908233 0.111384328 0.917501102 0.719890204 -0.0131481064 0.0167317051 -0.693926386
1561996984.988650000 -0.587811518 0.0661563343 0.909165701 0.71845062 -0.0156347138 0.0184447953 -0.695322773
1561996985.122172000 -0.588258523 0.0207856318 0.914775156 0.718197655 -0.0139701902 0.0193305144 -0.695596748
1561996985.189023000 -0.588145549 0.00139718543 0.921697886 0.717712166 -0.0146500665 0.0203048429 -0.696057667
1561996985.322456000 -0.586092896 -0.0430793414 0.925180902 0.717586904 -0.0172647171 0.0200346615 -0.69613519
1561996985.456023000 -0.565249463 -0.0817318854 0.919621149 0.715984587 -0.0161596286 0.0173817508 -0.697882301
1561996985.523202000 -0.560380925 -0.108882711 0.913024554 0.71598934 -0.0190290131 0.0162801007 -0.697832936
1561996985.656395000 -0.548970289 -0.145090952 0.929228433 0.715782814 -0.0167372728 0.0182725461 -0.698054974
1561996985.723153000 -0.542448869 -0.169531883 0.933611394 0.715762496 -0.016816868 0.0192408595 -0.698048337
1561996985.856902000 -0.516371353 -0.209449428 0.916341046 0.713555706 -0.0206844221 0.0150367233 -0.70030382
1561996985.990988000 -0.493007513 -0.245432222 0.932220124 0.714294023 -0.0153805507 0.0152917719 -0.699682206
1561996986.057175000 -0.46188202 -0.262877936 0.926971541 0.711846994 -0.0149517365 0.0126436094 -0.702235477
1561996986.123871000 -0.456341458 -0.27891981 0.940960287 0.71344834 -0.0147293708 0.015122212 -0.700564481
1561996986.257707000 -0.421425835 -0.313634662 0.939164954 0.712597084 -0.0151233591 0.011756082 -0.70148695
1561996986.324287000 -0.410569841 -0.329517505 0.944059155 0.713256594 -0.0145642341 0.0117768827 -0.700828878
1561996986.391050000 -0.393924823 -0.347286925 0.945933781 0.712973301 -0.0160483099 0.0122963733 -0.701077445
1561996986.524650000 -0.359588633 -0.380924693 0.944351416 0.712684763 -0.014138156 0.00855057932 -0.701468942
1561996986.591897000 -0.353135767 -0.397304367 0.948012415 0.713151438 -0.0112681619 0.00651495036 -0.701069187
1561996986.725064000 -0.325769342 -0.429272954 0.934477772 0.713921724 -0.0130299028 0.00199187528 -0.700282375
1561996986.791804000 -0.307381011 -0.437551009 0.964012486 0.713282024 -0.00929003953 0.00623917936 -0.70096946
1561996986.925397000 -0.266654752 -0.460295746 0.947365956 0.711809408 -0.0128951238 0.00147502077 -0.702435093
1561996986.992159000 -0.249981427 -0.469774031 0.957901914 0.711537585 -0.0129723205 0.00302565024 -0.702704764
1561996987.060553000 -0.228423916 -0.480320369 0.951101539 0.710466105 -0.0147552274 0.00045711405 -0.703759947
1561996987.192519000 -0.183907581 -0.49470396 0.957922954 0.708105034 -0.0132339219 0.00268690124 -0.706162115
1561996987.326091000 -0.152280554 -0.50997176 0.954517917 0.706720912 -0.0138849732 0.00257647339 -0.707536612
1561996987.392991000 -0.145832765 -0.516096191 0.966881996 0.706875099 -0.0138206192 0.00741171808 -0.707351188
1561996987.526486000 -0.0939594992 -0.526401628 0.951699207 0.703084212 -0.0133589033 0.00378678964 -0.711157572
1561996987.661599000 -0.0659369526 -0.537960373 0.939623819 0.70194838 -0.0131203518 0.00136267525 -0.712292544
1561996987.727194000 -0.0379132628 -0.543315096 0.931466541 0.69942815 -0.0156324452 0.00280832658 -0.714713681
1561996987.860796000 -0.0103140753 -0.546381774 0.917930792 0.699122299 -0.0138917849 -0.000438176845 -0.715055338
1561996987.927230000 0.00545133019 -0.547246708 0.918368893 0.698513956 -0.0137702308 -0.000143392033 -0.715652693
1561996988.060795000 0.0552917183 -0.548541568 0.934762249 0.696315442 -0.00795724906 -0.000404477502 -0.717881908
1561996988.127500000 0.0715949194 -0.552583497 0.921662852 0.696230633 -0.0116699031 -0.00131356742 -0.717912663
1561996988.194386000 0.0888887031 -0.548503283 0.928142165 0.69700769 -0.0122772805 0.000291360973 -0.717149852
1561996988.261477000 0.110417878 -0.548546239 0.922128908 0.697178712 -0.0137052071 -0.00221855208 -0.716955325
1561996988.394771000 0.138557848 -0.547150121 0.937400564 0.698163657 -0.0126985649 -0.000572634718 -0.716019265
1561996988.461648000 0.164462345 -0.545658247 0.932270268 0.698039299 -0.0150942212 -0.00127433878 -0.716093695
1561996988.595149000 0.208042084 -0.540987123 0.918056195 0.698556866 -0.0155353709 -0.00462754735 -0.715566618
1561996988.661983000 0.237286724 -0.543507286 0.901726186 0.697392941 -0.0155297878 -0.00841181305 -0.716667251
1561996988.795421000 0.264916263 -0.531039094 0.906468581 0.699713659 -0.0121619789 -0.00668474746 -0.714485662
1561996988.862317000 0.285018195 -0.526616449 0.909258959 0.700313873 -0.0108439851 -0.00565556117 -0.713928494
1561996988.995867000 0.307635214 -0.511799789 0.889708903 0.702321153 -0.0138874577 -0.00690586534 -0.711889243
1561996989.062699000 0.346717982 -0.500173468 0.884106591 0.700438334 -0.0150323253 -0.00805486915 -0.713707401
1561996989.196152000 0.374679759 -0.483698901 0.867295787 0.700713157 -0.0126272243 -0.0116722085 -0.713434819
1561996989.263297000 0.394231617 -0.474737543 0.878408715 0.700593056 -0.00851401564 -0.0096374905 -0.713643724
1561996989.329770000 0.412952013 -0.462717077 0.859146775 0.699848477 -0.0112414514 -0.00917577188 -0.714342942
1561996989.396552000 0.418579455 -0.44933947 0.880910291 0.701305327 -0.00775971889 -0.00677253681 -0.712986766
1561996989.463398000 0.428011846 -0.433353029 0.909142755 0.701366068 -0.00444900857 -0.00101610794 -0.712987025
1561996989.530185000 0.445867998 -0.42089807 0.893569685 0.700313877 -0.00529784783 -0.00227372004 -0.714012802
1561996989.597004000 0.458262616 -0.404823125 0.871074935 0.70100356 -0.00465474816 -0.00419412373 -0.713332126
1561996989.663725000 0.481004545 -0.388092816 0.878081087 0.700010237 -0.003916867 -0.0033791243 -0.714316029
1561996989.730534000 0.501255644 -0.375654795 0.885844183 0.699497088 -0.00105830493 -0.000936488944 -0.714836062
1561996989.797283000 0.504825308 -0.360578574 0.882401274 0.700259388 -0.00138175925 -0.00105422553 -0.714089435
1561996989.864190000 0.514995118 -0.346048346 0.887018453 0.701044512 -0.00171095325 -0.000596227494 -0.713318697
1561996989.931813000 0.541741869 -0.326034656 0.8635134 0.699487275 -0.00398770717 -0.00388382191 -0.714827616
1561996989.997630000 0.54184355 -0.310329707 0.86476947 0.701099676 -0.00603481852 -0.00211359808 -0.713239597
1561996990.064503000 0.542391456 -0.290811049 0.864675217 0.702238933 -0.0061872758 -0.00591067287 -0.7120954
1561996990.131244000 0.553831634 -0.273058128 0.859384802 0.702663444 -0.00957051469 -0.00676004093 -0.711632755
1561996990.198033000 0.561825802 -0.257319444 0.888645627 0.702802315 -0.00799555016 -0.000619973243 -0.711547111
1561996990.264967000 0.568365162 -0.236620519 0.88777037 0.703443125 -0.00943487621 -0.00142814284 -0.7108954
1561996990.331594000 0.585340795 -0.21963708 0.882223844 0.702302854 -0.0101081771 -0.00398865236 -0.712003205
1561996990.398458000 0.586809829 -0.200755434 0.874810411 0.702739997 -0.0113622262 -0.00587173065 -0.711539856
1561996990.465253000 0.590899547 -0.182180482 0.900283735 0.7037643 -0.0119974782 0.000863565689 -0.710540429
1561996990.531926000 0.598226545 -0.163352038 0.90264467 0.703504914 -0.0128826934 0.00275521737 -0.710777909
1561996990.598795000 0.620708276 -0.143238448 0.903963622 0.702179003 -0.00950439254 0.00210272765 -0.712143588
1561996990.665651000 0.615930078 -0.121775721 0.915886339 0.702746799 -0.00725489991 0.00502356119 -0.711595253
1561996990.732275000 0.613173025 -0.109559065 0.907241217 0.704177954 -0.00584009908 0.00222221109 -0.710206007
1561996990.799096000 0.629891712 -0.089041905 0.891588873 0.702994716 -0.00704970017 0.000258934262 -0.711371035
1561996990.866159000 0.629948284 -0.0681151556 0.884157063 0.70388646 -0.00376574308 -0.00246603466 -0.710508743
1561996990.932817000 0.623556356 -0.0468049695 0.891314144 0.705017676 -0.000932405742 -0.000506311069 -0.70940075
1561996990.999482000 0.622276403 -0.0214649562 0.90377225 0.706509941 0.000702896051 0.00121837995 -0.707913962
1561996991.066399000 0.627115884 -0.00278826838 0.900698976 0.70608599 -0.000139840998 0.00512910963 -0.708320383
1561996991.133314000 0.647590198 0.0204859737 0.894724881 0.703798988 -0.00409419194 0.00916985741 -0.710541479
1561996991.199861000 0.630900431 0.0432713741 0.903028489 0.706531942 0.000755216559 0.00686200502 -0.707860517
1561996991.266710000 0.635630374 0.0653218323 0.89300246 0.706316322 0.000962728332 0.00525745022 -0.70809015
1561996991.333440000 0.617610026 0.0830189601 0.878532653 0.708826251 0.00223092259 0.000837589855 -0.705593606
1561996991.400234000 0.625902246 0.108647494 0.891207209 0.708416319 0.0028019473 0.00320094819 -0.705996507
1561996991.467328000 0.629940445 0.125419835 0.876498401 0.707896669 -0.000283677384 0.00367237479 -0.706521479
1561996991.533786000 0.641174287 0.152780823 0.886757646 0.706091575 0.00230936686 0.00471897316 -0.70831731
1561996991.600563000 0.618859008 0.171655448 0.886917183 0.707472894 0.00158491167 0.00522697956 -0.706936689
1561996991.667436000 0.611939901 0.188859473 0.885330507 0.707733717 0.00122215826 0.00383427256 -0.706685585
1561996991.734146000 0.596270543 0.200373281 0.882751802 0.707965169 0.00304286778 0.0043074243 -0.706446629
1561996991.801000000 0.57830899 0.220195136 0.889010224 0.709741535 0.00591324778 0.00424945158 -0.704644043
1561996991.867810000 0.572549253 0.242544752 0.885982473 0.709232764 0.00136049672 0.00445070412 -0.705178154
1561996991.934533000 0.58138691 0.261449776 0.911838205 0.706510453 0.000975219222 0.009263293 -0.707860587
1561996992.001334000 0.569839854 0.282424454 0.889908666 0.706738934 0.00031938555 0.00701785644 -0.707659588
1561996992.068103000 0.554056801 0.30167838 0.891055408 0.707713201 -0.0030803682 0.00895943951 -0.70665698
1561996992.134989000 0.555123288 0.320079077 0.914057044 0.70549145 0.000244144007 0.0120340084 -0.708837687
1561996992.201659000 0.533028048 0.338742913 0.897628421 0.707387541 -0.00156933712 0.00998929381 -0.706975306
1561996992.268530000 0.533172805 0.354153372 0.917447947 0.704928803 0.00107709445 0.013650758 -0.709368362
1561996992.335226000 0.493040862 0.37527645 0.905706075 0.709064103 0.00121906799 0.00993477383 -0.705295613
1561996992.402043000 0.478512678 0.390087587 0.90899729 0.708365187 -0.00214827226 0.0114745934 -0.705972936
1561996992.469124000 0.473438111 0.406568602 0.904625524 0.70794384 0.00171244047 0.0087652614 -0.706435593
1561996992.535584000 0.461193309 0.420983655 0.906775475 0.707469924 -0.00163109822 0.0120076079 -0.706862862
1561996992.602410000 0.445654313 0.434521305 0.912303294 0.706474332 -0.00235444989 0.0146878 -0.707806096
1561996992.669285000 0.431827789 0.459241984 0.930742261 0.706629353 0.00174146287 0.0161918261 -0.707621548
1561996992.735966000 0.412411928 0.470177068 0.932355153 0.706630924 -9.7966437e-05 0.0193459859 -0.707543679
1561996992.802748000 0.423834409 0.486998777 0.944291675 0.703535987 0.00161874433 0.0216423058 -0.710555071
1561996992.870017000 0.399913869 0.498418373 0.95020378 0.703399179 0.0018082014 0.0227210994 -0.710657874
1561996992.936361000 0.377330964 0.509400838 0.942882066 0.703192229 0.00124607225 0.0199813419 -0.710947247
1561996993.003076000 0.348979278 0.517748842 0.939123073 0.70374751 0.00266213179 0.0177653713 -0.710453192
1561996993.069996000 0.36040329 0.534618382 0.963220889 0.700559874 0.00601365268 0.0225276646 -0.71344384
1561996993.136746000 0.331705221 0.54408411 0.939068052 0.70167199 0.00262781409 0.0195830549 -0.712458095
1561996993.203480000 0.321698796 0.555427734 0.940384372 0.700922749 0.00289740684 0.0208294262 -0.713159563
1561996993.270362000 0.310813882 0.567062974 0.94649825 0.700282956 0.00440167049 0.0209186448 -0.713778375
1561996993.337126000 0.308033895 0.575510036 0.944778997 0.699517609 0.0028594499 0.0215858162 -0.714517157
1561996993.403852000 0.270970601 0.587155322 0.947406289 0.701703577 0.00500294749 0.0209236751 -0.712378215
1561996993.470730000 0.249128544 0.593496922 0.927988812 0.703201518 0.00462744726 0.0188942326 -0.710959336
1561996993.537432000 0.2446841 0.602617478 0.941763611 0.702122747 0.00543408111 0.0207698857 -0.711968386
1561996993.604212000 0.214237859 0.611860116 0.947440575 0.703791539 0.00775600989 0.0199867397 -0.710319161
1561996993.671044000 0.205248398 0.622161809 0.951314771 0.702658426 0.00578258273 0.0234445442 -0.711354681
1561996993.737871000 0.193620159 0.632073146 0.961786037 0.702250803 0.00693599963 0.0243620765 -0.711717147
1561996993.804569000 0.165474022 0.631679638 0.947726228 0.702500383 0.00876246959 0.0216647233 -0.711538358
1561996993.871559000 0.153641656 0.633218692 0.958788188 0.70185884 0.00773738071 0.0224459237 -0.712159984
1561996993.938363000 0.135087017 0.633956127 0.937178401 0.701654516 0.00325090142 0.0209143347 -0.712443549
1561996994.005002000 0.113847735 0.636568924 0.958320333 0.70081021 0.00625053322 0.0206825322 -0.713261438
1561996994.071823000 0.086370938 0.640580144 0.972052857 0.701023383 0.00920947264 0.0213305884 -0.71300172
1561996994.141410000 0.0760111518 0.645558992 0.993519965 0.69988794 0.00984286951 0.0230984886 -0.714053579
1561996994.205308000 0.0503295904 0.641449419 0.946044831 0.699378307 0.00348645217 0.0193128248 -0.714725149
1561996994.272168000 0.0333264089 0.645961709 0.979391204 0.698962545 0.00659785312 0.0224656851 -0.715018367
1561996994.340483000 0.00104830003 0.646616292 0.970106155 0.69960826 0.00401185962 0.0218352629 -0.714426344
1561996994.405751000 -0.0196166807 0.644568526 0.988029922 0.699034581 0.00405721291 0.0244274851 -0.714904531
1561996994.472554000 -0.0496556035 0.640685276 0.974932778 0.698621937 0.00139222998 0.0249099785 -0.715302289
1561996994.541510000 -0.0622177573 0.638948839 0.982096223 0.697044395 0.00242408103 0.0243577279 -0.716856681
1561996994.606017000 -0.0883443206 0.639248572 0.969857309 0.697253396 -0.00138007965 0.0265359334 -0.716579436
1561996994.673057000 -0.118248084 0.632614173 0.98256155 0.698081586 0.00240126065 0.0230110417 -0.715892641
1561996994.739640000 -0.120692973 0.632340517 0.988507914 0.695830183 -0.00209621034 0.0273322053 -0.717931866
1561996994.806423000 -0.154623267 0.631962931 1.00993402 0.696077143 -0.000843744348 0.0302743848 -0.717577943
1561996994.873284000 -0.165163091 0.620008618 1.00421352 0.694992714 -0.000749093566 0.0288426609 -0.718687831
1561996994.940700000 -0.176950549 0.617198352 1.0246676 0.693740901 -1.0945432e-05 0.0312023014 -0.71979931
1561996995.006816000 -0.198740151 0.609008929 1.00852273 0.693684062 -0.00184365876 0.0305012492 -0.719883136
1561996995.073607000 -0.215507844 0.603865352 1.01657053 0.692032312 -0.00428879672 0.0347464719 -0.721270525
1561996995.207333000 -0.255607519 0.588889337 1.01687426 0.693295516 -0.0033277792 0.034109512 -0.720092205
1561996995.274015000 -0.289798499 0.584813787 1.03383524 0.694619059 0.00112076721 0.0345847667 -0.718799763
1561996995.340806000 -0.306176956 0.572457884 1.01625606 0.69472652 -0.00163769754 0.0351076693 -0.71866989
1561996995.407506000 -0.306148865 0.569430345 1.0278985 0.693692909 -0.000143980531 0.0360903052 -0.719622805
1561996995.474503000 -0.329524684 0.557743112 1.0139319 0.694521899 -0.00238121602 0.0350398673 -0.718871736
1561996995.541645000 -0.337750043 0.548715841 1.03224611 0.693376605 0.00104325584 0.0365008681 -0.719909192
1561996995.607869000 -0.360799825 0.535244334 1.02151272 0.694695505 -0.000272249453 0.034275857 -0.718747564
1561996995.674777000 -0.376837984 0.525171234 1.0293832 0.695557449 -0.001384333 0.0355344094 -0.717851685
1561996995.741659000 -0.394432996 0.510167492 1.02139909 0.695242748 -0.0020728703 0.03394634 -0.718232266
1561996995.875318000 -0.424524171 0.48723556 1.02462138 0.695551239 -0.00320297931 0.0351961135 -0.717869733
1561996995.941914000 -0.419928596 0.466431881 1.03674105 0.694080839 -0.00393620299 0.0360440424 -0.719247003
1561996996.008609000 -0.435894567 0.449121771 1.02530669 0.694517346 -0.0058619132 0.0356478278 -0.718833407
1561996996.142298000 -0.452747092 0.413985775 1.0300571 0.693837272 -0.00790233871 0.0367080087 -0.719418453
1561996996.209035000 -0.466829351 0.398845265 1.03267173 0.694154877 -0.00669147258 0.0367964857 -0.719121302
1561996996.342681000 -0.479957225 0.361664021 1.03134714 0.693205213 -0.00528994284 0.0342923471 -0.720173394
1561996996.409301000 -0.483955113 0.343829196 1.02226572 0.692880072 -0.00755097825 0.0357936004 -0.720394516
1561996996.476088000 -0.500780207 0.325412946 1.01981691 0.692937435 -0.00548420893 0.0335628268 -0.720466246
1561996996.609670000 -0.520464602 0.286713923 1.02012096 0.69419823 -0.0056170397 0.0322382381 -0.719311542
1561996996.743279000 -0.525625779 0.243151804 1.00732022 0.693657606 -0.00936169709 0.0307168498 -0.719861872
1561996996.810050000 -0.532441405 0.220674926 1.00964779 0.694189803 -0.00660009911 0.0271833468 -0.719522621
1561996996.943844000 -0.543579681 0.181103715 1.01263908 0.694788632 -0.00829495167 0.0298323945 -0.71882233
1561996997.077244000 -0.545846854 0.134320866 1.00647608 0.694804273 -0.00893801959 0.0284980482 -0.718854216
1561996997.144088000 -0.553131321 0.111516881 1.00800537 0.694885139 -0.00856499904 0.0294552982 -0.718742296
1561996997.277604000 -0.567677934 0.0709506884 1.01852402 0.696086481 -0.00917350474 0.0309473278 -0.717508223
1561996997.411210000 -0.572627225 0.0285310283 1.01359318 0.696685773 -0.0108175552 0.0299638386 -0.716945507
1561996997.477947000 -0.569555228 0.0091493443 1.01972793 0.697328227 -0.0114117708 0.0310034261 -0.716267982
1561996997.611590000 -0.57853767 -0.034389004 1.03116543 0.698831976 -0.011220069 0.0311742595 -0.714797089
1561996997.745487000 -0.577939842 -0.0757994496 1.03812144 0.701038363 -0.011835831 0.0322158376 -0.712577278
1561996997.878696000 -0.57234855 -0.113300762 1.04686793 0.70304422 -0.0121791058 0.0346512173 -0.71047859
1561996997.945563000 -0.569756877 -0.132973414 1.03031932 0.704537505 -0.013574911 0.0321061298 -0.709093279
1561996998.079176000 -0.56883503 -0.179143818 1.03024966 0.70691586 -0.0123118832 0.0294006016 -0.706863067
1561996998.212587000 -0.555458756 -0.216511924 1.02297852 0.707839951 -0.0129412072 0.0300829187 -0.705898678
1561996998.279346000 -0.5637195 -0.238098083 1.01941595 0.710952687 -0.016114598 0.0287099087 -0.70275502
1561996998.413134000 -0.529795563 -0.271979557 1.01611263 0.710012717 -0.0148964904 0.0260144154 -0.703837277
1561996998.479728000 -0.529163876 -0.28917427 1.01508225 0.711699377 -0.0182447689 0.0272155335 -0.702006734
1561996998.613411000 -0.507629016 -0.322568447 1.02372651 0.712096299 -0.0154035854 0.0280153259 -0.701641021
1561996998.680103000 -0.492927185 -0.338688733 1.02123609 0.712086762 -0.0173214899 0.0265880144 -0.701662954
1561996998.813717000 -0.465169598 -0.370656992 1.01063524 0.711056866 -0.0185196021 0.025488001 -0.702718897
1561996998.947362000 -0.445359319 -0.400290371 1.00488276 0.711613135 -0.0190638332 0.0264426544 -0.702105813
1561996999.080843000 -0.417195451 -0.425147518 1.02505333 0.711900157 -0.0140480832 0.0273786671 -0.701898431
1561996999.214449000 -0.391702759 -0.453681082 1.02435837 0.71121101 -0.0107871446 0.0247992304 -0.702751755
1561996999.281242000 -0.369476023 -0.465834607 1.02827286 0.710397178 -0.00973695928 0.0230363251 -0.703650533
1561996999.414866000 -0.341623928 -0.487915836 1.01624567 0.70908911 -0.0139646933 0.0202444354 -0.704985001
1561996999.481626000 -0.315467361 -0.503546861 1.00469456 0.707860242 -0.0181201251 0.0191553853 -0.706156579
1561996999.615249000 -0.291241064 -0.520339799 1.02754664 0.708867378 -0.0117319827 0.0223899329 -0.705186467
1561996999.682013000 -0.25884249 -0.523373295 1.02393378 0.707106881 -0.0110726452 0.0214583846 -0.70699184
1561996999.815531000 -0.218016985 -0.542462089 1.02249524 0.705651985 -0.010276411 0.01572754 -0.70860809
1561996999.882366000 -0.19579512 -0.545573829 1.03197181 0.705530508 -0.00838882696 0.0179343474 -0.708702666
1561997000.015909000 -0.154840893 -0.559013582 1.04203835 0.70351032 -0.00514639792 0.0152628353 -0.710802388
1561997000.082799000 -0.169862204 -0.571964227 1.10716058 0.70808562 0.00320254553 0.0244372671 -0.705996555
1561997000.216365000 -0.0834898985 -0.570858625 1.048255 0.700281448 -0.00255179894 0.0127901175 -0.714049069
1561997000.349968000 -0.0621977315 -0.584436444 1.03774021 0.699162264 -0.00413097081 0.00910976325 -0.715194205
1561997000.416649000 -0.0344132835 -0.58373509 1.06065339 0.698229001 -0.00118357139 0.0114960592 -0.716082348
1561997000.483485000 -0.00966520348 -0.583082222 1.06604222 0.697014672 -0.00255230502 0.0124700161 -0.717246173
1561997000.617065000 0.018496406 -0.582393195 1.06322738 0.696418948 -0.0034042014 0.0118809373 -0.717831822
1561997000.750716000 0.0567508381 -0.57861625 1.06274964 0.69565027 -0.00306446737 0.0112464937 -0.718589622
1561997000.817378000 0.0918626663 -0.578077184 1.05683981 0.693401456 -0.00660593348 0.0121982659 -0.720723144
1561997000.884156000 0.108226606 -0.573221334 1.05887608 0.693535065 -0.00546066022 0.010256532 -0.720634459
1561997001.017786000 0.142657165 -0.564800839 1.06568761 0.694043091 -0.00277247284 0.0101982935 -0.720162608
1561997001.084528000 0.168624933 -0.560902455 1.06307455 0.693828485 -0.00233242883 0.00820366493 -0.720397034
1561997001.218252000 0.1941269 -0.550665894 1.05927544 0.695955019 -0.00298993709 0.00820187205 -0.718340041
1561997001.284945000 0.225124913 -0.54448114 1.06192544 0.695123254 -0.00558977352 0.0111413878 -0.719090457
1561997001.419053000 0.250972406 -0.536679633 1.05214197 0.697963596 -0.00660336613 0.00805662563 -0.716365539
1561997001.485272000 0.277409553 -0.528770014 1.05324092 0.698887451 -0.00658236783 0.00853436133 -0.715459704
1561997001.621068000 0.315052603 -0.512368519 1.05088892 0.70192683 -0.0069267985 0.00962991006 -0.712459786
1561997001.685630000 0.352654744 -0.503995827 1.04130244 0.701265176 -0.00808887354 0.00858567652 -0.713112611
1561997001.752483000 0.362692598 -0.492484786 1.04038837 0.704113722 -0.00698219261 0.0102243703 -0.710289668
1561997001.886041000 0.386930346 -0.470103578 1.02903313 0.70734084 -0.00752727379 0.0111387133 -0.707056189
1561997001.952949000 0.419846552 -0.456845463 1.03650653 0.707404386 -0.00551095205 0.0122260197 -0.706994194
1561997002.020297000 0.431686125 -0.45857132 1.04626407 0.707850564 -0.00485599801 0.0146512238 -0.706507232
1561997002.086352000 0.465499007 -0.445303601 1.00164947 0.706549004 -0.00595012881 0.00648371123 -0.707924259
1561997002.153182000 0.464943281 -0.427237556 1.00691669 0.709315607 -0.00205763658 0.00927557877 -0.705142603
1561997002.221024000 0.477946437 -0.410292204 1.01960261 0.710884377 0.000940652049 0.0136749626 -0.703492193
1561997002.286780000 0.496472657 -0.40009852 1.05998612 0.711166996 0.00504263887 0.0261810283 -0.702835597
1561997002.353610000 0.513069188 -0.393099695 1.05419235 0.710991273 0.00728630344 0.0269424112 -0.702965197
1561997002.420546000 0.525756343 -0.379088311 1.05041154 0.711485557 0.00850885097 0.0274386476 -0.702432649
1561997002.487046000 0.515953462 -0.36330622 1.0337931 0.714161993 0.00809406843 0.0253429243 -0.699793909
1561997002.553875000 0.549552446 -0.344590557 1.04326383 0.712030815 0.0108974988 0.0261380168 -0.701896909
1561997002.620775000 0.559332648 -0.329656412 1.03108833 0.713561118 0.00734167735 0.0273492698 -0.700341248
1561997002.687412000 0.562814786 -0.31337366 1.03925839 0.714300728 0.00837981734 0.0296924189 -0.699479644
1561997002.754265000 0.586915978 -0.294574374 1.0194799 0.714037323 0.00620408173 0.0255100162 -0.699937486
1561997002.821209000 0.589861331 -0.278697057 1.00909616 0.715073839 0.0093366306 0.0221581657 -0.698958332
1561997002.887802000 0.595655938 -0.258541132 0.99697804 0.715382595 0.00975859364 0.0178045606 -0.69876101
1561997002.954605000 0.606174746 -0.238232334 1.01700556 0.715790945 0.00865169351 0.0258590825 -0.698105731
1561997003.021509000 0.62415702 -0.220948779 1.02921657 0.714382979 0.0122814801 0.0250099933 -0.699524333
1561997003.088180000 0.614018425 -0.203242628 1.00980986 0.716726789 0.010637099 0.0211242239 -0.697278052
1561997003.155029000 0.618608349 -0.182090508 1.02067898 0.715816485 0.0115564868 0.0242418018 -0.698098366
1561997003.221824000 0.643162509 -0.159187091 1.01616367 0.713336572 0.0105304554 0.0236457572 -0.700670105
1561997003.288552000 0.6335251 -0.138977978 1.01079987 0.713893906 0.0127008761 0.020316463 -0.700170879
1561997003.355357000 0.640733829 -0.119554387 1.03946698 0.71248213 0.0185635965 0.0227672097 -0.701402268
1561997003.422203000 0.632349472 -0.105281204 1.03733119 0.713282387 0.0184923393 0.0234021924 -0.700569646
1561997003.488984000 0.630387868 -0.0822166468 1.04044667 0.713186507 0.020366358 0.0237519667 -0.700603822
1561997003.555718000 0.632445599 -0.0613468193 1.0219365 0.711963068 0.0204814799 0.0211665311 -0.701927428
1561997003.622542000 0.628082575 -0.0404863523 1.02888484 0.711586954 0.0235818525 0.0209030193 -0.70222049
1561997003.689327000 0.628187458 -0.0183472231 1.01879739 0.710451641 0.0235882753 0.0183697218 -0.703440795
1561997003.756104000 0.629557217 -0.00064792148 1.04251362 0.709517645 0.0249360589 0.0231661781 -0.704196191
1561997003.823193000 0.625974618 0.0219143913 1.02132496 0.709330205 0.0233274742 0.0218759859 -0.704481339
1561997003.889629000 0.616377787 0.043432105 1.0226673 0.709688839 0.0214023984 0.0250663521 -0.704076029
1561997003.956444000 0.608946785 0.0676358043 1.01022302 0.709223256 0.0196016562 0.0237330321 -0.704643632
1561997004.023407000 0.606490636 0.0891963669 1.013674 0.708671355 0.0230163108 0.0223913994 -0.705140087
1561997004.089969000 0.594189165 0.112903459 0.997093861 0.708693016 0.0193309809 0.0236728567 -0.705187599
1561997004.156818000 0.585071669 0.132673774 0.990659601 0.708113734 0.0170720622 0.0250778956 -0.705779019
1561997004.223685000 0.558611754 0.153619646 0.983185828 0.709790858 0.016347129 0.0249407486 -0.704113394
1561997004.290404000 0.56517641 0.178862136 1.0017038 0.706836081 0.0201384866 0.0273677033 -0.706893856
1561997004.357190000 0.560631488 0.189685379 1.01419902 0.70575745 0.0243866235 0.0300605294 -0.707728861
1561997004.424060000 0.548538645 0.21710745 0.993246807 0.706221307 0.0251051845 0.0245568483 -0.70745307
1561997004.490823000 0.54170813 0.235019463 1.00056895 0.704422736 0.0229489485 0.0283554177 -0.709176414
1561997004.557712000 0.50718741 0.257985331 0.986641202 0.706403766 0.0214618911 0.0282504986 -0.707253205
1561997004.624479000 0.501993757 0.2815184 1.01079662 0.704965576 0.0251617148 0.0313401807 -0.708436347
1561997004.691217000 0.48257268 0.300978143 1.00688247 0.705163272 0.024341075 0.0321175026 -0.708233577
1561997004.757983000 0.49763152 0.325225156 0.992779266 0.702663623 0.022091201 0.0330663094 -0.710745478
1561997004.824816000 0.486535591 0.343439466 1.01180429 0.701309401 0.0250925697 0.0371444426 -0.711782748
1561997004.891447000 0.459096141 0.365194157 1.01562105 0.701912095 0.0247026265 0.0365025436 -0.711234972
1561997004.958365000 0.443253441 0.380719702 1.01874937 0.700731538 0.024872864 0.0365990881 -0.712387024
1561997005.025259000 0.414769662 0.396720568 1.01714801 0.701006756 0.0247560275 0.0360004236 -0.712150778
1561997005.091809000 0.399664247 0.414433365 1.01664266 0.699912047 0.0231945768 0.0387221164 -0.713137976
1561997005.158696000 0.388771624 0.433105467 1.02088789 0.698860868 0.0205425097 0.0415569302 -0.714091235
1561997005.225635000 0.381887323 0.44454037 1.02287713 0.697979493 0.0167070177 0.0451212609 -0.714837395
1561997005.292211000 0.352214001 0.455031209 1.01605884 0.698390976 0.0164680572 0.0418994459 -0.714637992
1561997005.359350000 0.338500335 0.468123939 1.01183017 0.698147381 0.0162680694 0.0417428421 -0.714891278
1561997005.425880000 0.340818488 0.483787948 1.03472613 0.696562418 0.017976503 0.0447172272 -0.716216754
1561997005.492636000 0.316387364 0.494710171 1.02327956 0.69781 0.0166876072 0.0419318495 -0.715201255
1561997005.559336000 0.289337428 0.504074324 1.03186021 0.699314166 0.0158502464 0.0417601052 -0.713760179
1561997005.626318000 0.287294447 0.518562906 1.01881455 0.698910179 0.0150300082 0.0398939243 -0.714280883
1561997005.693012000 0.274227087 0.52893601 1.03111193 0.698622758 0.0141055024 0.0419086443 -0.714466519
1561997005.759698000 0.243174513 0.5358649 1.02122743 0.700521548 0.014352327 0.0397049436 -0.712725663
1561997005.826875000 0.238031024 0.542052766 1.02832347 0.69995674 0.0143652305 0.0383663007 -0.713353718
1561997005.893372000 0.214343797 0.546997897 1.03273479 0.70113005 0.0162350807 0.0372675123 -0.712219242
1561997005.960078000 0.198110149 0.561689172 1.02659946 0.701950719 0.0164578441 0.0381673279 -0.711357739
1561997006.027216000 0.181295836 0.566426656 1.04281728 0.701192725 0.0196295458 0.0407875466 -0.711880542
1561997006.093743000 0.167977025 0.573476747 1.02600863 0.701596047 0.0158347252 0.0395558799 -0.711647918
1561997006.160439000 0.155686696 0.580046096 1.01915635 0.701388654 0.0144918888 0.0392003851 -0.711901663
1561997006.227459000 0.151273455 0.585724344 1.0701278 0.699151567 0.0182472672 0.0454715123 -0.713642351
1561997006.294101000 0.109849474 0.587931598 1.02705192 0.701141588 0.0129748301 0.0421341565 -0.712008019
1561997006.360838000 0.0961336506 0.584449695 1.02190189 0.700397468 0.0118275808 0.0416825886 -0.71278748
1561997006.427783000 0.0802081022 0.588010503 1.03690143 0.700192354 0.0112487377 0.0443253595 -0.712839597
1561997006.494434000 0.0786301781 0.5903522 1.04363471 0.697538346 0.0119230485 0.0432554722 -0.715494234
1561997006.561223000 0.052480803 0.588341033 1.05900474 0.69815006 0.0127051257 0.0424186161 -0.714934952
1561997006.628068000 0.0181192281 0.589003749 1.04906898 0.698648556 0.0105118267 0.0413655891 -0.714544647
1561997006.694846000 0.0106980358 0.588690996 1.04431899 0.697231387 0.00920308101 0.0394845623 -0.716053141
1561997006.761608000 0.00473532475 0.590047496 1.07511293 0.695203521 0.0113779547 0.0436746056 -0.717749503
1561997006.828483000 -0.0126684184 0.589326358 1.08894903 0.693379947 0.0129954423 0.0438906032 -0.719472219
1561997006.895343000 -0.0304410715 0.58414488 1.0752247 0.692127136 0.00887610755 0.0449155615 -0.720678251
1561997006.961956000 -0.0700719958 0.583249703 1.07306088 0.693202634 0.00962180771 0.0429699616 -0.719753813
1561997007.028779000 -0.0725659177 0.58187279 1.10033528 0.690825577 0.0107942828 0.0469252825 -0.721775184
1561997007.095498000 -0.0885477721 0.577212047 1.07498667 0.690280875 0.00956293502 0.043653145 -0.72251935
1561997007.162306000 -0.0958070532 0.572157028 1.0803142 0.688373032 0.00987025627 0.0473996298 -0.724098916
1561997007.229206000 -0.128311345 0.5675484 1.07355709 0.689660689 0.0123793626 0.044438687 -0.723022521
1561997007.295868000 -0.144095792 0.562030459 1.06531076 0.689782882 0.0136498319 0.0416862629 -0.723047457
1561997007.362693000 -0.153016691 0.557880528 1.08481095 0.688995111 0.0159733773 0.043426536 -0.723649675
1561997007.429557000 -0.169082415 0.546683845 1.03544256 0.689936165 0.0118398533 0.0378789704 -0.723144267
1561997007.496194000 -0.170894824 0.539734643 1.05197282 0.68812748 0.0136016391 0.0419189304 -0.724613992
1561997007.563306000 -0.206885504 0.533956484 1.02747206 0.690854648 0.0114799868 0.0406151991 -0.722125632
1561997007.630055000 -0.226178199 0.517373257 1.01036417 0.691847104 0.00902659117 0.0390570134 -0.721295336
1561997007.696589000 -0.235125256 0.505100542 0.999648033 0.691965846 0.00578611908 0.0374660835 -0.721300036
1561997007.763321000 -0.252021432 0.500460916 1.01221825 0.692676583 0.00737047171 0.0399852342 -0.720468036
1561997007.830272000 -0.270734233 0.488613585 1.0106194 0.693266164 0.00533964575 0.0425234444 -0.719773341
1561997007.896998000 -0.277315736 0.476298893 1.01395094 0.693237815 0.00338842591 0.0451527998 -0.719653745
1561997007.963716000 -0.307389036 0.467625388 1.01599731 0.696490868 0.00655097899 0.0406728546 -0.71675079
1561997008.030621000 -0.311996463 0.453801317 1.00554604 0.696660736 0.00254502591 0.0417359929 -0.71655104
1561997008.097332000 -0.327623057 0.441299152 1.0199064 0.69839648 0.00437251447 0.0424460361 -0.714809329
1561997008.164063000 -0.329732333 0.431134711 1.02165396 0.698670365 0.0044153487 0.0414525897 -0.714601068
1561997008.231102000 -0.361135165 0.416605173 1.02446931 0.70196256 0.00742095789 0.0403417693 -0.711405338
1561997008.297754000 -0.370059331 0.403334269 1.02645044 0.701994892 0.0059001151 0.0409584208 -0.71135393
1561997008.364471000 -0.367925553 0.388414328 1.02035415 0.701206812 0.00575319572 0.0421636789 -0.712063754
1561997008.431290000 -0.396733753 0.375446356 1.03501755 0.703864833 0.00774093364 0.0419193393 -0.709431787
1561997008.498145000 -0.401491686 0.361656049 1.04330096 0.70293687 0.0086638104 0.042493726 -0.710307662
1561997008.564825000 -0.423247132 0.347978298 1.03040962 0.703990788 0.00270294537 0.0423731122 -0.709317352
1561997008.631773000 -0.43741589 0.331058798 1.04420102 0.704253994 0.0043199811 0.042876506 -0.709019217
1561997008.698560000 -0.453612137 0.306060337 1.01900865 0.704896593 0.0011151725 0.0386486904 -0.708636581
1561997008.765203000 -0.453516997 0.29246945 1.05964319 0.703399494 0.00316085258 0.0429754233 -0.709869071
1561997008.832041000 -0.458260223 0.273977303 1.04553736 0.703366834 -7.2455058e-05 0.0422351544 -0.709954589
1561997008.900719000 -0.470110567 0.258692909 1.0589644 0.703361512 0.00150608438 0.0448499201 -0.709799085
1561997008.965593000 -0.481621593 0.24174131 1.06558674 0.702475913 0.00180723629 0.0454659581 -0.710637433
1561997009.101055000 -0.50826749 0.206442666 1.05961835 0.702207021 0.00137142757 0.0418523592 -0.71112653
1561997009.165955000 -0.531009329 0.189563023 1.05272813 0.702700839 0.000479493387 0.0411728803 -0.71068173
1561997009.232767000 -0.531913334 0.17167435 1.06115566 0.700541744 3.927537e-05 0.0427414191 -0.712720718
1561997009.366320000 -0.536856219 0.139441494 1.0698151 0.697171934 -0.000629645693 0.0446526773 -0.715903993
1561997009.433152000 -0.559511878 0.12109105 1.06650453 0.697115965 -0.00161109581 0.0443269578 -0.715979624
1561997009.566733000 -0.568938657 0.0808934484 1.07544567 0.693064045 -0.00401486181 0.046263352 -0.719775485
1561997009.633596000 -0.572836623 0.0612887682 1.08478942 0.691520658 -0.00142832517 0.0463871558 -0.721261656
1561997009.767406000 -0.582892638 0.0205743975 1.07374981 0.688383914 -0.00701285665 0.0467071892 -0.724205847
1561997009.901730000 -0.582125893 -0.0196956298 1.11425767 0.686225651 -0.000663807413 0.048684003 -0.726157138
1561997009.967352000 -0.594362918 -0.0395713216 1.10980304 0.685894615 -0.00326058355 0.0487458862 -0.726460679
1561997010.101138000 -0.60507139 -0.0776313742 1.07733757 0.685125108 -0.00938511398 0.0435391156 -0.727464994
1561997010.167707000 -0.600785511 -0.0966350711 1.08620843 0.683861208 -0.00845102342 0.0444853261 -0.728609023
1561997010.304958000 -0.611483183 -0.135104459 1.08679793 0.684635437 -0.012067951 0.0453666786 -0.72777655
1561997010.368067000 -0.612121886 -0.152518667 1.09900376 0.685159047 -0.0124177335 0.0465760945 -0.727201018
1561997010.501797000 -0.614654202 -0.190115143 1.10815677 0.685272497 -0.0103326347 0.0471419242 -0.727090556
1561997010.635337000 -0.600904506 -0.228245659 1.09830273 0.684001124 -0.0098718102 0.0459460356 -0.728370998
1561997010.702216000 -0.595544682 -0.252379707 1.08502047 0.684001751 -0.0128722695 0.0433542179 -0.728483098
1561997010.835641000 -0.588884921 -0.298233852 1.07708896 0.684276227 -0.0108278998 0.0416232833 -0.728360168
1561997010.902663000 -0.584908216 -0.315915234 1.07402336 0.683728947 -0.0121816368 0.0417379038 -0.72884772
