1561996969.093022000 0.0606448903 0.769165391 0.939024075 0.693372883 -0.00105348237 0.00777058624 -0.720536295
1561996969.159667000 0.0551075265 0.762499834 0.925025343 0.691401402 -0.00477754424 0.00943670592 -0.722394571
1561996969.226666000 0.0265516885 0.766926872 0.931409967 0.693074149 -0.00278816445 0.00878245792 -0.720809523
1561996969.293296000 0.00400721198 0.76756551 0.921573209 0.693323858 -0.00383701488 0.00799254656 -0.720573921
1561996969.360057000 -0.0211785578 0.769282607 0.931621055 0.694506826 -0.00075787961 0.00902825034 -0.71943258
1561996969.427438000 -0.0388338781 0.768110222 0.921670332 0.695040753 -0.00194301379 0.0105472061 -0.718895016
1561996969.493611000 -0.0749786059 0.768922701 0.932291401 0.696982158 0.000998002974 0.0125038593 -0.716983784
1561996969.560430000 -0.0896609444 0.766570652 0.923046098 0.697572607 -0.000540642985 0.0130514582 -0.71640107
1561996969.627538000 -0.113205449 0.766045001 0.934157286 0.698238227 -0.00213916982 0.0162990732 -0.71568291
1561996969.694048000 -0.139650247 0.762506656 0.942024261 0.699520783 -0.00147968895 0.0172192952 -0.714410594
1561996969.827638000 -0.18814345 0.75573274 0.945232721 0.702121113 -0.00447190953 0.0188012758 -0.711803025
1561996969.894400000 -0.216868476 0.746958713 0.935387072 0.703543838 -0.00640495795 0.0161854147 -0.710446907
1561996969.961292000 -0.240258663 0.740966973 0.948705106 0.704113559 -0.0067669848 0.0174122552 -0.70985092
1561996970.028027000 -0.257652557 0.736534027 0.960775614 0.704485663 -0.00739654306 0.0192155202 -0.709428916
1561996970.161522000 -0.296818568 0.720429124 0.968611363 0.705842636 -0.010666616 0.0224115059 -0.707944388
1561996970.228326000 -0.304615085 0.714780346 0.993281365 0.704745242 -0.00848933114 0.0248678503 -0.708984797
1561996970.295137000 -0.32958366 0.704382645 0.987924324 0.705861008 -0.0102923912 0.024367707 -0.707867926
1561996970.361895000 -0.350247726 0.692084827 0.99855152 0.707648697 -0.00802580221 0.021752347 -0.70619566
1561996970.428672000 -0.370238025 0.681006706 0.977621588 0.709125791 -0.00971751143 0.0196981865 -0.70475267
1561996970.495414000 -0.389336888 0.670159159 0.988283344 0.710010399 -0.00843129435 0.0208670883 -0.703845878
1561996970.629124000 -0.413618373 0.644956772 0.969580965 0.711884656 -0.0126751623 0.022430349 -0.701839096
1561996970.695871000 -0.430320885 0.633180415 0.968313172 0.712609498 -0.0115675282 0.0212933054 -0.701158841
1561996970.762657000 -0.420024067 0.606198458 0.957059826 0.71087672 -0.0128949766 0.018723543 -0.702966992
1561996970.829428000 -0.443547675 0.597720213 0.976097037 0.713094255 -0.0106423901 0.0224930787 -0.700644543
1561996970.962852000 -0.455605107 0.566730783 0.955766856 0.712776568 -0.0137801427 0.0201343127 -0.700986313
1561996971.029724000 -0.467112561 0.550341767 0.985937244 0.712850394 -0.00859765696 0.0212946104 -0.700960724
1561996971.096508000 -0.501204185 0.532256334 0.947655486 0.714527527 -0.0136008763 0.0168196061 -0.69929368
1561996971.230214000 -0.505793967 0.502425049 0.977610049 0.71247294 -0.0117365801 0.0186740212 -0.701373936
1561996971.296949000 -0.516878117 0.48381644 0.966711374 0.711314171 -0.012493932 0.0171308641 -0.702576261
1561996971.430524000 -0.521799854 0.452361426 0.989822192 0.70860487 -0.0139171749 0.0201494045 -0.705204054
1561996971.564070000 -0.545027513 0.41739649 0.998916224 0.707577865 -0.016299977 0.0205602686 -0.706172719
1561996971.697563000 -0.546124806 0.384446414 1.01620959 0.70485923 -0.0162044081 0.0225420655 -0.708829538
1561996971.831217000 -0.548312677 0.345317055 1.03116149 0.701739194 -0.0147691524 0.0246661361 -0.711880927
1561996971.964784000 -0.570018462 0.305277815 1.01037659 0.701123786 -0.0190282983 0.0218861587 -0.712477889
1561996972.031583000 -0.565758395 0.28819445 1.01882407 0.699706969 -0.0157950962 0.0204621198 -0.713991456
1561996972.165144000 -0.571304311 0.245322821 0.997537734 0.697937479 -0.0188700187 0.019318321 -0.715680112
1561996972.366275000 -0.558312916 0.188764398 1.02257454 0.696679884 -0.0143307669 0.0185124118 -0.717032217
1561996972.500774000 -0.56149983 0.147764916 1.01237988 0.697018572 -0.0148005403 0.0186140286 -0.716691804
1561996972.632724000 -0.547868044 0.0977702636 0.986671296 0.696092863 -0.0193248434 0.0174646539 -0.71751322
1561996972.766216000 -0.545967069 0.0533194531 0.97683041 0.697049687 -0.0208389129 0.0165816677 -0.716562829
1561996972.833097000 -0.531990155 0.0366190385 0.992330994 0.696441627 -0.0178890923 0.0173924529 -0.717215471
1561996972.966593000 -0.513791259 -0.0070474202 0.989056148 0.696170279 -0.0157216596 0.0132783356 -0.717618706
1561996973.033430000 -0.508369606 -0.0316252385 0.986258957 0.696480328 -0.018704158 0.0134707936 -0.717242636
1561996973.166949000 -0.505225639 -0.0737619931 0.981310784 0.698997231 -0.019750595 0.0107654001 -0.71480769
1561996973.233775000 -0.491331758 -0.0913804155 0.997970212 0.699300488 -0.016660061 0.00997008708 -0.714602926
1561996973.367276000 -0.48314244 -0.13445734 0.997543367 0.701103292 -0.0204703898 0.00917732008 -0.712746873
1561996973.434164000 -0.469136307 -0.151412966 1.00286439 0.700884149 -0.0227856817 0.0104834801 -0.712875067
1561996973.567667000 -0.437847825 -0.187208419 1.01856297 0.698999413 -0.0211018389 0.00842739103 -0.714802838
1561996973.634537000 -0.420727135 -0.201915549 1.03638449 0.698268976 -0.020598311 0.0120993653 -0.715479108
1561996973.768090000 -0.415732439 -0.237814794 1.03846217 0.698987461 -0.0245218371 0.00940127049 -0.71469552
1561996973.835157000 -0.397441235 -0.252520701 1.04523263 0.698234563 -0.0267360096 0.0112330661 -0.715326531
1561996973.968453000 -0.370933843 -0.28358998 1.05420256 0.698302937 -0.0272191154 0.0126097688 -0.715218962
1561996974.035266000 -0.354840125 -0.297417465 1.05844109 0.698185419 -0.0289667426 0.0132780784 -0.715253791
1561996974.168783000 -0.326142966 -0.324986145 1.05785549 0.69853999 -0.0272218913 0.011424156 -0.715009334
1561996974.235556000 -0.319376761 -0.345076805 1.03988092 0.699200774 -0.0281532176 0.00706719906 -0.71438389
1561996974.369204000 -0.290619799 -0.36702747 1.05061976 0.700661267 -0.0224170219 0.00514633303 -0.713171963
1561996974.435901000 -0.271444957 -0.376216005 1.05197002 0.700694435 -0.0222331737 0.0055613292 -0.713141984
1561996974.569686000 -0.236906034 -0.398288395 1.05202484 0.700093598 -0.0211010258 0.00438950638 -0.713774647
1561996974.636300000 -0.218209292 -0.407629413 1.04646156 0.70009411 -0.0255165629 0.00548818357 -0.713622875
1561996974.703276000 -0.201272426 -0.41765763 1.03949879 0.700181956 -0.0270196889 0.00386637097 -0.713491475
1561996974.769953000 -0.184750938 -0.421365574 1.05102386 0.700589097 -0.0239583904 0.00439399694 -0.713198269
1561996974.836679000 -0.170899112 -0.427330547 1.04926025 0.700205371 -0.0250770231 0.00433900404 -0.713537491
1561996974.970295000 -0.159745422 -0.441549993 1.08708346 0.703093794 -0.0225882074 0.0103854531 -0.710712887
1561996975.037094000 -0.125862194 -0.444566449 1.08419645 0.701142597 -0.0221282887 0.00765078438 -0.712687313
1561996975.103958000 -0.0986866288 -0.449387081 1.07989092 0.699593686 -0.0198747461 0.00353730624 -0.714306688
1561996975.237420000 -0.0575790836 -0.455852979 1.05326104 0.698766152 -0.0256828687 -0.00130730875 -0.714940332
1561996975.304410000 -0.02984092 -0.457659734 1.05830178 0.698011755 -0.0252599532 -0.000742454293 -0.71569338
1561996975.371260000 -0.00198000741 -0.457311343 1.06753499 0.696473181 -0.0240855255 0.000101786316 -0.71723309
1561996975.437784000 0.0147066938 -0.457623819 1.06403665 0.696813642 -0.025477033 0.00133632628 -0.716853673
1561996975.571350000 0.0505962293 -0.457344867 1.0538884 0.696104081 -0.025014144 0.00149986957 -0.7175594
1561996975.638167000 0.0842401761 -0.455945846 1.04923869 0.693743861 -0.0262297266 0.00188702749 -0.719798
1561996975.705074000 0.0981233161 -0.453498819 1.04692415 0.694521763 -0.0253569138 0.00136126779 -0.719080547
1561996975.771730000 0.119000299 -0.450902344 1.0414856 0.695476996 -0.0231354219 -0.000283255901 -0.718233374
1561996975.838619000 0.136087983 -0.44380491 1.04373718 0.696747835 -0.0199330643 0.000862375843 -0.717096797
1561996975.905359000 0.148027974 -0.44100767 1.02161556 0.698650632 -0.0230076777 0.000478364268 -0.715151818
1561996975.972079000 0.16609755 -0.435369105 1.02421798 0.700315022 -0.0199970682 0.00116580099 -0.713612292
1561996976.105795000 0.201277567 -0.43010861 1.00186812 0.701749423 -0.0172073494 -0.00170527084 -0.712274426
1561996976.172438000 0.218777522 -0.422665612 0.999551719 0.703775281 -0.0193802908 0.000946771186 -0.710218799
1561996976.239245000 0.239702082 -0.416570104 0.996035131 0.705300701 -0.0180480537 -0.00078989648 -0.708739529
1561996976.373654000 0.287789722 -0.398963451 0.985099096 0.707122572 -0.0160233072 -0.00189664837 -0.706969823
1561996976.439609000 0.302105252 -0.38944856 0.976841933 0.708600794 -0.0150066382 -0.00315626123 -0.705507013
1561996976.506501000 0.312579228 -0.381116642 0.973142315 0.710392973 -0.0141613948 -0.0041218894 -0.703714926
1561996976.573305000 0.338105375 -0.370215727 0.966161987 0.710046599 -0.0153381702 -0.00439066771 -0.704039299
1561996976.639972000 0.356911906 -0.358354165 0.971214515 0.710433131 -0.0159222975 -0.00252458988 -0.703646516
1561996976.707197000 0.388325632 -0.348231297 0.958272799 0.708472575 -0.0181632688 -0.00341353035 -0.705563801
1561996976.773600000 0.379107904 -0.337459462 0.965930563 0.71144175 -0.0182284012 0.00114626384 -0.70257611
1561996976.840367000 0.407070066 -0.319682759 1.00074312 0.710266614 -0.0136373961 0.00852530336 -0.703818628
1561996976.907263000 0.420062955 -0.311477522 0.974339321 0.710092042 -0.0162104428 0.00250023229 -0.703988566
1561996976.974031000 0.447310934 -0.294483649 0.981594719 0.70822406 -0.0165595379 0.00796912299 -0.70582053
1561996977.040690000 0.45400803 -0.276511912 0.987713263 0.70920508 -0.014505503 0.0085614321 -0.704874417
1561996977.107604000 0.465115154 -0.262559774 0.96955879 0.70935735 -0.0143812189 0.0043319533 -0.704763315
1561996977.174323000 0.497465596 -0.245572056 0.964387153 0.706342686 -0.0143673941 0.00327143449 -0.707791763
1561996977.241110000 0.510177504 -0.231165744 0.93745424 0.706143409 -0.0187039756 0.000769862301 -0.707898421
1561996977.307916000 0.521187121 -0.216374324 0.920461608 0.705605296 -0.0178290224 -0.00597326307 -0.708433822
1561996977.375031000 0.525834318 -0.197944157 0.93150047 0.706051893 -0.0126149963 -0.00578376687 -0.708103031
1561996977.441434000 0.551744814 -0.181769815 0.917238623 0.703733969 -0.014203464 -0.00774488114 -0.710358631
1561996977.508290000 0.553354549 -0.164853963 0.918028035 0.702681702 -0.0175293517 -0.00419211443 -0.711355646
1561996977.575125000 0.569171131 -0.139819526 0.942749856 0.701775483 -0.0185022657 0.00359284506 -0.71222933
1561996977.641814000 0.572753809 -0.125920232 0.943964102 0.70183786 -0.0167551931 0.00353514136 -0.712210958
1561996977.708675000 0.583138985 -0.103784669 0.931562309 0.700990478 -0.0155441464 0.00155405591 -0.713080454
1561996977.775628000 0.588744647 -0.0810770619 0.935202705 0.700288914 -0.0143317813 0.00262270752 -0.713791606
1561996977.842314000 0.594471955 -0.0627668194 0.944646543 0.700389742 -0.0112615061 0.00430518615 -0.713741131
1561996977.909158000 0.605843245 -0.0401406171 0.946929735 0.699482571 -0.00841628909 0.00484819485 -0.714667159
1561996977.975706000 0.612364712 -0.0184049714 0.941716432 0.698919653 -0.00663816457 0.00300883732 -0.715247478
1561996978.042550000 0.625479593 0.00439319806 0.945024502 0.698111048 -0.00617737552 0.00681682343 -0.716014943
1561996978.109431000 0.626538209 0.0294556375 0.935786453 0.698236745 -0.00596343523 0.00410058794 -0.715914643
1561996978.176085000 0.626998646 0.0510412792 0.937297319 0.69890721 -0.00596634889 0.0047021848 -0.715256653
1561996978.243148000 0.628046019 0.0699643692 0.912043378 0.698793355 -0.00902555018 0.00159809065 -0.715350129
1561996978.309698000 0.626172392 0.0920638441 0.922739276 0.699238537 -0.00991624973 0.00553847415 -0.714883479
1561996978.376452000 0.646300708 0.114639873 0.943036419 0.697919478 -0.00517852387 0.00740695839 -0.716205135
1561996978.443363000 0.639430974 0.137281962 0.938291544 0.69854286 -0.00477299912 0.00607060719 -0.715612928
1561996978.510096000 0.635596158 0.159662113 0.930742977 0.699183261 -0.00547668383 0.00603654397 -0.714982079
1561996978.577013000 0.638046387 0.182521635 0.917621342 0.699750091 -0.00796242583 0.00610306443 -0.714403169
1561996978.643600000 0.632693374 0.203007294 0.905829188 0.700317922 -0.00747275255 0.00362759012 -0.713869799
1561996978.711555000 0.628943748 0.225602533 0.947348341 0.701367545 -0.00388965403 0.010658877 -0.71279715
1561996978.777176000 0.63036311 0.242437066 0.9119284 0.702218863 -0.0063481355 0.00536339643 -0.712000442
1561996978.843975000 0.618190438 0.264921179 0.899402515 0.704193363 -0.00572489488 0.00222333726 -0.710069951
1561996978.910844000 0.614358682 0.283936147 0.900833474 0.704567729 -0.00827208344 0.00708713786 -0.709642455
1561996978.977542000 0.613485962 0.309986806 0.904040996 0.705135487 -0.00739687812 0.0069006043 -0.709090913
1561996979.044325000 0.594713468 0.322681174 0.890906981 0.707562846 -0.00907719317 0.0046843619 -0.706667352
1561996979.111178000 0.591384146 0.349316184 0.915983314 0.707791768 -0.00719545255 0.00812381603 -0.706428395
1561996979.177966000 0.608524869 0.367686825 0.945081722 0.70628384 -0.00806386371 0.0168696945 -0.707772968
1561996979.244702000 0.60315008 0.384907568 0.949960918 0.707187035 -0.00817155544 0.0181412091 -0.706838702
1561996979.311534000 0.600723035 0.401566299 0.9619738 0.706108634 -0.00291425213 0.0173637868 -0.707976719
1561996979.378377000 0.580925242 0.415777379 0.935634071 0.708564249 -0.00532193414 0.0159920801 -0.705537532
1561996979.445047000 0.563186423 0.439447445 0.938393732 0.709766006 -0.0074112783 0.0155084935 -0.704320375
1561996979.511873000 0.566554353 0.452253566 0.949376881 0.708462118 -0.00476009057 0.0158845429 -0.705646831
1561996979.578674000 0.551522975 0.47283243 0.964043428 0.709356156 -0.00437720476 0.0175016171 -0.704712773
1561996979.645443000 0.547065788 0.491568679 0.976108844 0.708772623 -0.0071294685 0.0212816174 -0.705174008
1561996979.712234000 0.551247362 0.503224676 0.976643591 0.707796908 -0.0077466941 0.0203156584 -0.706175901
1561996979.779204000 0.550603566 0.523774031 0.982824738 0.706128197 -0.00692589599 0.0188398182 -0.707894195
1561996979.845807000 0.523333678 0.537557701 0.983648066 0.707808084 -0.0068281383 0.0180814124 -0.706234985
1561996979.912673000 0.509532882 0.549518054 0.977071721 0.707306844 -0.00933194241 0.0174647712 -0.706724308
1561996979.981045000 0.481277241 0.564416802 0.979264463 0.708406425 -0.00736883595 0.0181707846 -0.705627138
1561996980.046180000 0.479599308 0.584054092 0.978903965 0.707070962 -0.0101195819 0.0213457512 -0.706843375
1561996980.112993000 0.463895363 0.593836537 0.98037372 0.706590255 -0.0070825932 0.0198728967 -0.707404149
1561996980.180660000 0.446616252 0.606351681 0.997728117 0.705412241 -0.00109402047 0.0183010168 -0.708656752
1561996980.246988000 0.443190775 0.613563359 1.00285745 0.703376373 -0.0045885805 0.0198259054 -0.710622576
1561996980.313316000 0.421821442 0.627681973 0.986246473 0.703791959 -0.00771567108 0.0193754248 -0.710196158
1561996980.380821000 0.408563887 0.637470734 0.985791574 0.703140342 -0.00810453897 0.0217032253 -0.710770433
1561996980.447335000 0.382754474 0.649134503 0.995335562 0.703579309 -0.00938399173 0.0222078175 -0.710305139
1561996980.513737000 0.402185214 0.6979831 0.997184259 0.703876643 0.00126907587 0.010804727 -0.710337252
1561996980.580541000 0.377209764 0.707227205 0.980469637 0.704364493 -0.000989104394 0.00817171731 -0.709889601
1561996980.647233000 0.372902302 0.7132568 0.975592612 0.702635416 -0.00487590597 0.0116095961 -0.711538629
1561996980.714085000 0.350022392 0.722172852 0.97725181 0.702892753 -0.00427577712 0.010408292 -0.711307649
1561996980.781553000 0.322113895 0.732808393 0.968737943 0.703136127 -0.0027565386 0.00939549677 -0.711089939
1561996980.847631000 0.3046414 0.740356646 0.955170421 0.702941559 -0.00475530725 0.00972908238 -0.711268136
1561996980.914500000 0.28947099 0.744934915 0.958408502 0.701609162 -0.00445375857 0.0115231196 -0.712558977
1561996980.981288000 0.269029999 0.751827106 0.964488936 0.701461448 -0.00232280066 0.0110529099 -0.712723278
1561996981.048017000 0.247080228 0.75921901 0.961155184 0.700844533 -0.00359014191 0.00931501156 -0.71335028
1561996981.114865000 0.233347782 0.764262547 0.969211595 0.700614469 -0.00395981778 0.00899675596 -0.713579564
1561996981.181677000 0.207100472 0.773925456 0.973935702 0.700146461 -0.0036968583 0.00913567411 -0.71403919
1561996981.248408000 0.184453437 0.773617683 0.974188056 0.699566798 -0.00548129905 0.0111936517 -0.714567628
1561996981.315272000 0.179398165 0.778459604 0.968432715 0.69801597 -0.00552862848 0.0108639553 -0.716088299
1561996981.382025000 0.15054736 0.783071453 0.976873147 0.698242123 -0.00502043108 0.0127737596 -0.71584049
1561996981.448786000 0.130364251 0.783786192 0.963637283 0.698129219 -0.00529087323 0.0130852545 -0.715944094
1561996981.515550000 0.110374726 0.787530512 0.963245112 0.697875296 -0.00384791254 0.0128758775 -0.716205583
1561996981.582397000 0.10055715 0.789587536 0.961090269 0.696917208 -0.00154649032 0.0126894656 -0.71715011
1561996981.649151000 0.0791824544 0.794223477 0.972789878 0.697587743 0.00117217597 0.0151710704 -0.716450157
1561996981.715911000 0.0592829718 0.792274693 0.975842391 0.697068427 0.000376386288 0.0162099448 -0.716934449
1561996981.782814000 0.0403252952 0.790345904 0.942115114 0.697696421 -0.00368620939 0.0133369769 -0.716374391
1561996981.849519000 0.017599987 0.792620765 0.959003514 0.69758143 -0.0025164442 0.0169611028 -0.716415105
1561996981.916299000 -0.00887571161 0.786573181 0.915900512 0.698581178 -0.00504617888 0.011326395 -0.715539499
1561996981.983167000 -0.03842862 0.785984766 0.917482035 0.699914949 -0.0052740215 0.012572347 -0.714213159
1561996982.049842000 -0.0315834517 0.779312121 0.908540593 0.697463215 -0.00506636016 0.0120474139 -0.716619193
1561996982.116637000 -0.0668098037 0.780694354 0.90493504 0.698616368 -0.00567716784 0.0131125691 -0.715473339
1561996982.183440000 -0.0746332088 0.773120121 0.915215411 0.697665213 -0.00345597669 0.0145024687 -0.716388922
1561996982.250231000 -0.105612298 0.770882827 0.899409214 0.698848234 -0.00663492337 0.0160484162 -0.715179492
1561996982.317069000 -0.120022238 0.762618952 0.891832008 0.698753401 -0.00657014351 0.0140610044 -0.715315094
1561996982.383894000 -0.14587806 0.761364576 0.893368294 0.699587846 -0.00736380812 0.015184818 -0.71446877
1561996982.450558000 -0.152979194 0.76327625 0.932636376 0.698684099 -0.00202029363 0.0204349691 -0.715258259
1561996982.517402000 -0.173545485 0.749865049 0.913365905 0.698934751 -0.00400172631 0.0179432532 -0.715073181
1561996982.584274000 -0.193218308 0.743951553 0.923794408 0.699451723 -0.00195024265 0.0187075164 -0.714556917
1561996982.650891000 -0.215777888 0.73803303 0.923261204 0.700500862 -0.000537032309 0.0176266948 -0.713559086
1561996982.717711000 -0.227761486 0.717300104 0.879434025 0.699701058 -0.0100790494 0.0166223834 -0.714297603
1561996982.784647000 -0.237917503 0.710172305 0.87177664 0.699863272 -0.0103759513 0.0132356493 -0.714206567
1561996982.851280000 -0.257739028 0.703459608 0.901998666 0.70031054 -0.00841954828 0.0155643872 -0.71374804
1561996982.918057000 -0.264538612 0.692071791 0.917907587 0.69960532 -0.0079745995 0.0158778861 -0.714439015
1561996982.985136000 -0.29014641 0.690189358 0.935507004 0.70144641 -0.00584580159 0.0165812247 -0.712636965
1561996983.051652000 -0.317794375 0.677425559 0.917215408 0.703176119 -0.0115218017 0.0172147623 -0.710846378
1561996983.118448000 -0.321443127 0.667896468 0.914428502 0.702790514 -0.0116695508 0.0150769822 -0.711275204
1561996983.185421000 -0.341536847 0.655159401 0.921843764 0.703487903 -0.0124558573 0.017134388 -0.710526987
1561996983.252016000 -0.344693659 0.640625979 0.921051673 0.702577613 -0.0140362643 0.0172510501 -0.711396154
1561996983.319002000 -0.369511652 0.62999883 0.928228435 0.704311229 -0.0136831887 0.0174671868 -0.709681965
1561996983.387288000 -0.382217954 0.616966209 0.935836814 0.704607796 -0.0109012681 0.0182411336 -0.709417425
1561996983.452443000 -0.39231377 0.604245102 0.945466803 0.704086258 -0.0101609949 0.0185322397 -0.709939066
1561996983.519151000 -0.409912557 0.594135395 0.946667263 0.705118626 -0.0130942477 0.0210866795 -0.708795547
1561996983.586167000 -0.422944235 0.577693997 0.954715239 0.705107071 -0.0127808756 0.0221501027 -0.708781549
1561996983.652786000 -0.4405244 0.564679828 0.963687408 0.706382155 -0.011871471 0.0217659071 -0.707538713
1561996983.719507000 -0.449111719 0.545520933 0.943863445 0.707124438 -0.0129234967 0.0184119967 -0.7068745
1561996983.786561000 -0.46385598 0.528595349 0.954870935 0.707863175 -0.00972278593 0.0200545019 -0.706141543
1561996983.853167000 -0.477276827 0.514882134 0.965265121 0.70899913 -0.0089113231 0.0202462223 -0.70500755
1561996983.919899000 -0.488344475 0.497656852 0.965823929 0.709054862 -0.0113437687 0.0209264736 -0.704897045
1561996983.986870000 -0.498841921 0.481813172 0.97152589 0.710049643 -0.0123275924 0.0212973019 -0.703868566
1561996984.053558000 -0.50962496 0.460491036 0.973892608 0.71054447 -0.0127659621 0.0200671586 -0.703398367
1561996984.120275000 -0.518117955 0.439140711 0.98096295 0.711704592 -0.011976026 0.0193765482 -0.702257621
1561996984.187414000 -0.529309068 0.419408491 0.967900904 0.712480673 -0.015926784 0.0188799598 -0.701405161
1561996984.253891000 -0.528409612 0.401686592 0.98724239 0.712743651 -0.0141336349 0.0189054213 -0.701176686
1561996984.320682000 -0.533715064 0.380643241 0.975932184 0.713437847 -0.0161741358 0.0197041207 -0.70040562
1561996984.387474000 -0.552840709 0.35404633 0.996589973 0.7149931 -0.0140130378 0.0223460093 -0.69878577
1561996984.454277000 -0.559669721 0.33428399 0.996403152 0.71478258 -0.0168672123 0.0227630848 -0.69892582
1561996984.521053000 -0.562052882 0.312753034 1.00422881 0.715129877 -0.0180630999 0.0235197954 -0.698517008
1561996984.654666000 -0.569945122 0.26987042 1.00799832 0.715629286 -0.0192958244 0.0222557099 -0.698015135
1561996984.721400000 -0.575939033 0.247642134 1.01392155 0.71612141 -0.0194805325 0.0225855095 -0.697494631
1561996984.788264000 -0.568007661 0.221670915 1.00203731 0.715241871 -0.0215401367 0.0187994872 -0.698450283
1561996984.921745000 -0.57070826 0.179636925 1.01233088 0.715326413 -0.0227619428 0.0217975852 -0.69823969
1561996984.988650000 -0.559626812 0.158827521 1.01399403 0.714211012 -0.0208016432 0.0206741979 -0.699476702
1561996985.122172000 -0.56546854 0.114355018 1.01007413 0.714370514 -0.0219364212 0.0225349432 -0.699222935
1561996985.189023000 -0.561392383 0.0959006805 1.02304448 0.714010462 -0.0200593729 0.0222647312 -0.699656864
1561996985.255633000 -0.561334953 0.0671997846 1.02670397 0.714145337 -0.0206943471 0.0218743437 -0.699513691
1561996985.389295000 -0.552381112 0.0242770646 1.00819368 0.713327982 -0.0246609386 0.0187609471 -0.700310102
1561996985.456023000 -0.533239746 0.00975970263 1.01881214 0.710978616 -0.0222653648 0.0194409231 -0.702757874
1561996985.523202000 -0.541886268 -0.0171601456 1.00341887 0.711891878 -0.0273759223 0.0183829885 -0.701681215
1561996985.589809000 -0.543227752 -0.0383464181 1.02883854 0.713207511 -0.0217100493 0.0212683652 -0.700461112
1561996985.723153000 -0.509514634 -0.0708137017 1.02170617 0.710860195 -0.021043615 0.0176505051 -0.7029646
1561996985.790021000 -0.509460203 -0.0931227659 1.02244672 0.711725163 -0.0221329803 0.0174546005 -0.70206125
1561996985.856902000 -0.487871801 -0.112677773 1.01027224 0.70915038 -0.0267881386 0.0164470644 -0.704525901
1561996985.990988000 -0.467471636 -0.151883123 1.02193995 0.70880424 -0.0224374785 0.0169255182 -0.705016311
1561996986.057175000 -0.456786186 -0.172096049 1.00536497 0.709362945 -0.0234899954 0.0131527171 -0.704500541
1561996986.123871000 -0.444437751 -0.188588424 1.01596208 0.709838074 -0.0202568647 0.0114992237 -0.704152306
1561996986.190842000 -0.429949779 -0.204332158 1.02465384 0.709853521 -0.0194238295 0.0111955062 -0.704166075
1561996986.257707000 -0.408952176 -0.223705542 1.01679141 0.708798958 -0.0212004983 0.00943935476 -0.705203448
1561996986.391050000 -0.383689824 -0.25762332 1.02258964 0.708892551 -0.0193477107 0.00687481337 -0.705192861
1561996986.457911000 -0.368851244 -0.273494815 1.03273338 0.709081132 -0.0188329753 0.00867005735 -0.704998011
1561996986.524650000 -0.349628056 -0.290662352 1.02184314 0.707877298 -0.0215313397 0.00697656903 -0.706148991
1561996986.591897000 -0.334932498 -0.300401612 1.03288769 0.708784254 -0.0186707266 0.00812387254 -0.705307891
1561996986.725064000 -0.306865324 -0.333853 1.01739346 0.709531157 -0.0221756395 0.0029128006 -0.704496545
1561996986.791804000 -0.291965219 -0.338582266 1.04990792 0.710177338 -0.0175512424 0.00755271418 -0.703940989
1561996986.858679000 -0.256565015 -0.352014263 1.04485361 0.707918123 -0.0192966636 0.0061148253 -0.706182551
1561996986.992159000 -0.23096985 -0.374836103 1.03763185 0.70746444 -0.0208784646 0.00289892828 -0.706613376
1561996987.060553000 -0.211646374 -0.385877686 1.02992626 0.707007125 -0.0229074489 -0.0004921942 -0.707014422
1561996987.125790000 -0.19514768 -0.394443208 1.04564506 0.706041184 -0.0225201512 0.00442978432 -0.707978783
1561996987.260724000 -0.155433592 -0.408611417 1.03541407 0.704366264 -0.0234318708 0.00424475922 -0.70961786
1561996987.326091000 -0.133184228 -0.415133615 1.0372405 0.702997261 -0.022100284 0.00345494963 -0.711021859
1561996987.460991000 -0.0952243008 -0.42530239 1.04096416 0.700827554 -0.0199799539 0.00541024369 -0.713212095
1561996987.526486000 -0.0735507045 -0.431282711 1.03446774 0.699531596 -0.0201173152 0.00344759557 -0.714492991
1561996987.661599000 -0.072301103 -0.446084514 1.0329255 0.701577266 -0.0183813926 0.00261560288 -0.7125347
1561996987.727194000 -0.0361205812 -0.449025827 1.03086216 0.697853599 -0.0182676745 0.00269015892 -0.716186456
1561996987.793705000 -0.0270928173 -0.454004299 1.01166905 0.698279136 -0.0216208227 0.000774528881 -0.71568255
1561996987.860796000 -0.00894696665 -0.45437415 1.0149501 0.697419797 -0.0188063589 0.000730590303 -0.71660043
1561996987.994051000 0.0263546906 -0.458802297 1.00776347 0.696135 -0.0181926206 -0.000740076792 -0.71786523
1561996988.060795000 0.0572195257 -0.456401976 1.03185401 0.694936466 -0.0132055573 0.00131616754 -0.719135009
1561996988.127500000 0.0768767822 -0.459871201 1.01858118 0.694218669 -0.0174179034 0.000653689789 -0.719741016
1561996988.194386000 0.0943931682 -0.456907969 1.02733142 0.694485721 -0.0160149457 0.00126808212 -0.719514622
1561996988.261477000 0.109517825 -0.457116455 1.0220773 0.695280442 -0.0171998996 -0.00111672148 -0.718720191
1561996988.327896000 0.130424131 -0.456672385 1.02818995 0.69477955 -0.0186161839 0.000848594323 -0.719170659
1561996988.461648000 0.159677014 -0.454973278 1.02981987 0.696693174 -0.0202166999 6.25333194e-05 -0.717274498
1561996988.528280000 0.198017534 -0.449457014 1.02205892 0.695543713 -0.0213665264 -0.000661892068 -0.71835716
1561996988.595149000 0.21763945 -0.449328946 1.01111726 0.696614751 -0.0203930151 -0.00383830727 -0.717337246
1561996988.728669000 0.25820065 -0.439418718 1.00864387 0.69699099 -0.018936178 -0.00219427695 -0.717018842
1561996988.795421000 0.27975155 -0.43302776 1.00230729 0.697476915 -0.0175936838 -0.00415869065 -0.716572111
1561996988.862317000 0.29942154 -0.42721547 1.00203583 0.698019651 -0.0166399891 -0.00347479371 -0.71607033
1561996988.995867000 0.322576712 -0.412692769 0.991601304 0.700315483 -0.0169958374 -0.00457674866 -0.713810073
1561996989.062699000 0.357583423 -0.403175579 0.982127898 0.698512894 -0.0193729298 -0.00519884412 -0.715510159
1561996989.129471000 0.370019954 -0.398490682 0.956015473 0.69898615 -0.0195483775 -0.0103361995 -0.714987659
1561996989.196152000 0.383976465 -0.388316748 0.956677023 0.6994664 -0.0198010612 -0.00858137849 -0.714534583
1561996989.263297000 0.409267511 -0.37662867 0.977841375 0.698770049 -0.0148748443 -0.00465316083 -0.715372866
1561996989.329770000 0.418277313 -0.363635439 0.980159805 0.699219742 -0.0139057079 -0.0023248581 -0.714964619
1561996989.396552000 0.429042831 -0.351141204 0.981893377 0.699256195 -0.0143423786 -0.00105284356 -0.714925177
1561996989.463398000 0.457337378 -0.351703852 0.969985821 0.697210717 -0.019849577 0.00396620259 -0.716778676
1561996989.530185000 0.472132721 -0.339222088 0.975789552 0.696507266 -0.0168845345 0.00503490158 -0.717531554
1561996989.597004000 0.496664362 -0.319320564 0.968936314 0.695254227 -0.0169828032 0.00666743493 -0.718731357
1561996989.663725000 0.505168013 -0.305118247 0.952444367 0.696208197 -0.0170212029 0.00373294371 -0.717827593
1561996989.730534000 0.51771294 -0.284029927 0.953165338 0.696611304 -0.0130094247 0.00200671706 -0.717528213
1561996989.797283000 0.516067167 -0.271300774 0.965062477 0.697972319 -0.0104099356 0.00330010132 -0.716241366
1561996989.864190000 0.535408996 -0.256913446 0.973632052 0.697829294 -0.0132035969 0.00722373078 -0.716305824
1561996989.931813000 0.540840249 -0.235438357 0.961669172 0.69846083 -0.0121698504 0.0024545424 -0.71574077
1561996989.997630000 0.553423102 -0.217364178 0.972910628 0.698535258 -0.0129465492 0.0052657634 -0.71563998
1561996990.064503000 0.558564079 -0.197991378 0.934131676 0.699590511 -0.0165745092 -0.00618077937 -0.714526133
1561996990.131244000 0.560138236 -0.18377357 0.95755563 0.700740714 -0.0171915755 -0.000754888181 -0.713410051
1561996990.198033000 0.570612726 -0.166694971 0.987420555 0.700760863 -0.0150315401 0.00537313602 -0.713419601
1561996990.264967000 0.570596084 -0.146187009 0.984610768 0.701667273 -0.0160762618 0.0032129487 -0.712518369
1561996990.331594000 0.586612475 -0.127839557 0.977778687 0.700370817 -0.0195118872 0.00188302323 -0.713712881
1561996990.398458000 0.593612282 -0.109860435 0.970355329 0.700500277 -0.0209328315 0.000395581738 -0.713547699
1561996990.465253000 0.593905521 -0.0901775697 0.986688165 0.702225181 -0.0191256174 0.00352586289 -0.711892259
1561996990.531926000 0.59893856 -0.0697001447 0.982321091 0.701999045 -0.0196662026 0.00179110484 -0.712107354
1561996990.598795000 0.604985269 -0.0500859248 0.999901617 0.701775164 -0.0160172604 0.00593361778 -0.712397468
1561996990.665651000 0.607398517 -0.0298188662 1.00819514 0.702366773 -0.0136370235 0.00873279844 -0.711834694
1561996990.732275000 0.607873931 -0.008092577 0.975025161 0.703307394 -0.0180480217 0.00400321947 -0.710850013
1561996990.799096000 0.620896181 0.0138865509 0.930448367 0.702349304 -0.018380593 -0.00659602551 -0.711769364
1561996990.866159000 0.62302736 0.0302140762 0.946905439 0.70352202 -0.0177684531 -0.000263344207 -0.710655775
1561996990.932817000 0.628328274 0.0537429863 0.94730295 0.70395618 -0.017746398 0.00356648799 -0.710217678
1561996990.999482000 0.632185806 0.0772092707 0.964297657 0.703493511 -0.0134835562 0.00303208717 -0.710772388
1561996991.066399000 0.631678908 0.0977826892 0.956992807 0.704074823 -0.0128162934 0.00543182184 -0.710195197
1561996991.133314000 0.640849764 0.121658278 0.946152812 0.703476988 -0.01390399 0.00424271812 -0.710775665
1561996991.199861000 0.640352513 0.135457184 0.939087875 0.704626953 -0.0110441322 0.000611807064 -0.709697851
1561996991.266710000 0.629095573 0.154358557 0.9444068 0.706053104 -0.00694365219 -0.000532423156 -0.708331724
1561996991.333440000 0.634439789 0.173927029 0.94380426 0.70602085 -0.00327951062 -0.00317934957 -0.708385218
1561996991.400234000 0.63323199 0.201640346 0.94388729 0.706203225 -0.00487749024 0.000146530415 -0.708201945
1561996991.467328000 0.634847965 0.218205755 0.934702693 0.7052016 -0.00961945894 0.00173485025 -0.709149519
1561996991.533786000 0.633712152 0.243917643 0.964951749 0.705330201 -0.00566442274 0.00654303943 -0.709037391
1561996991.600563000 0.616158106 0.265987047 0.941420026 0.706282742 -0.0100699736 0.00455458477 -0.708055865
1561996991.667436000 0.625849806 0.283462827 0.94012834 0.7051094 -0.0108217917 0.00274469047 -0.709224838
1561996991.734146000 0.625817255 0.30513495 0.955400258 0.703834327 -0.0106911786 0.00789260328 -0.710454732
1561996991.801000000 0.618890824 0.324338585 0.948987485 0.704122926 -0.0125103764 0.00790341055 -0.710138926
1561996991.867810000 0.600682598 0.344308297 0.984083744 0.704365528 -0.00954680161 0.0105244507 -0.709909911
1561996991.934533000 0.584982256 0.365714214 0.982879749 0.704352052 -0.00789955945 0.00931844474 -0.709960588
1561996992.001334000 0.590080817 0.384938225 0.956689278 0.703241353 -0.0114004602 0.00778069482 -0.711032355
1561996992.068103000 0.564970458 0.402245724 0.962386555 0.705213776 -0.0126996635 0.00963165066 -0.709030191
1561996992.134989000 0.564337495 0.420194296 0.974433347 0.702973169 -0.0115462659 0.0121290966 -0.711234017
1561996992.201659000 0.538169477 0.442252056 0.970721911 0.704436064 -0.00971640176 0.0092336226 -0.709855458
1561996992.268530000 0.544838261 0.456995188 0.987835448 0.702730653 -0.00926411133 0.0130372929 -0.711490752
1561996992.335226000 0.530715139 0.476547617 0.974251514 0.703816231 -0.0122056786 0.0149463108 -0.710335092
1561996992.402043000 0.517960547 0.495408179 0.99813632 0.703081994 -0.011429861 0.0187837829 -0.71098499
1561996992.469124000 0.485072501 0.508260172 0.977842301 0.705115837 -0.00800968787 0.0107028725 -0.709182783
1561996992.535584000 0.467110915 0.526734869 0.981650475 0.705250435 -0.00942083747 0.0124560705 -0.709002786
1561996992.602410000 0.45068038 0.537325615 0.981584933 0.705052027 -0.0109060838 0.0132069274 -0.709164664
1561996992.669285000 0.452740833 0.55737387 0.980397128 0.702900453 -0.0120116995 0.0170483414 -0.711198864
1561996992.735966000 0.43659603 0.571452079 0.973908363 0.702497835 -0.0151791992 0.0187314333 -0.711493708
1561996992.802748000 0.415311445 0.586216895 0.978959899 0.702295072 -0.0165532805 0.0231554248 -0.711533326
1561996992.870017000 0.389585668 0.603169342 0.981136696 0.702218935 -0.00976533408 0.0160190385 -0.7119311
1561996992.936361000 0.388566255 0.612152472 0.979761782 0.699710004 -0.0130991866 0.0185945734 -0.714282573
1561996993.003076000 0.364127103 0.622322057 0.980040218 0.700746538 -0.0113709848 0.0171038641 -0.713333393
1561996993.069996000 0.397320538 0.675080651 0.992886047 0.699659716 -0.000879483251 0.0101072117 -0.714622965
1561996993.136746000 0.372878914 0.688494872 0.986352837 0.700487297 -0.00255971471 0.00797779125 -0.713836814
1561996993.203480000 0.345276723 0.695836857 0.963431605 0.701580394 -0.00279828341 0.00439123575 -0.712793783
1561996993.270362000 0.348373401 0.706981387 0.959614925 0.699911049 -0.00423137868 0.00541676247 -0.714419918
1561996993.337126000 0.344064611 0.71665364 0.957120985 0.699513172 -0.00474369274 0.0055962338 -0.714805831
1561996993.403852000 0.295796088 0.72719132 0.950262247 0.702439887 -0.00439786695 0.00443448068 -0.711939644
1561996993.470730000 0.289388874 0.733998818 0.960486747 0.702484722 -0.00160147748 0.00381755369 -0.711911401
1561996993.537432000 0.276293419 0.745940916 0.967921002 0.701820704 -0.00271294873 0.00802663454 -0.712529424
1561996993.604212000 0.246861363 0.752272944 0.974195407 0.703112841 0.000457811384 0.00698127632 -0.7112711
1561996993.671044000 0.230670941 0.76180544 0.964342659 0.70353505 -0.00156925258 0.00724405499 -0.710849543
1561996993.737871000 0.209665666 0.767823285 0.957258748 0.703636338 -0.00242639386 0.00621224152 -0.710758429
1561996993.804569000 0.204103273 0.775339186 0.969939812 0.702561542 0.000656314125 0.00867881193 -0.711799707
1561996993.871559000 0.177606741 0.777779639 0.967617618 0.702628521 -0.000988944545 0.00858115385 -0.711735056
1561996993.938363000 0.153878273 0.780833459 0.950540413 0.702734732 -0.00343751927 0.00576195212 -0.711651796
1561996994.005002000 0.129616636 0.787258514 0.965224729 0.70244581 -0.00197296609 0.00676905404 -0.711935329
1561996994.071823000 0.103360859 0.789656552 0.972843686 0.702343013 -0.00206069531 0.00838452591 -0.712020237
1561996994.141410000 0.0907229999 0.792228892 0.983945919 0.701694406 -0.00116554807 0.00784272104 -0.712667951
1561996994.205308000 0.0627678936 0.793177321 0.971612209 0.701722731 -0.00226457325 0.00652244804 -0.712651328
1561996994.272168000 0.0429888638 0.794903831 0.989263294 0.701473393 0.000443597991 0.00658274366 -0.712900775
1561996994.340483000 0.0192987261 0.797573553 0.981959816 0.701506994 -0.00386838393 0.00751625804 -0.712849032
1561996994.405751000 -0.00726690042 0.794432951 0.985782631 0.700553236 -0.00507017887 0.00985426718 -0.713751457
1561996994.472554000 -0.0176875618 0.792716394 1.00237012 0.699481342 -0.00346042907 0.011617633 -0.714785836
1561996994.541510000 -0.0522290232 0.790834351 0.988590777 0.699830145 -0.00665163603 0.0106837115 -0.714436454
1561996994.606017000 -0.0747594429 0.793015328 0.998198542 0.699306888 -0.00811970467 0.0145995546 -0.714866023
1561996994.673057000 -0.0935741006 0.787617866 1.01658523 0.699398807 -0.00325773005 0.011406513 -0.714872899
1561996994.739640000 -0.103414691 0.783562293 1.01702257 0.697721812 -0.00614910779 0.0129331932 -0.71646635
1561996994.806423000 -0.135768617 0.7814732 1.01386272 0.697669391 -0.00803294695 0.0148736677 -0.716461881
1561996994.873284000 -0.159199306 0.778183034 1.01664854 0.697933528 -0.00645814203 0.0146585435 -0.716225499
1561996994.940700000 -0.168649551 0.772451017 1.01980649 0.696295803 -0.00514261963 0.013426663 -0.717855222
1561996995.006816000 -0.195125266 0.765929516 1.0180839 0.696607209 -0.00542185388 0.0140354385 -0.71753995
1561996995.073607000 -0.196428446 0.760888255 1.01443147 0.694821785 -0.00777435831 0.0145128165 -0.719239058
1561996995.140492000 -0.218747507 0.74588708 0.9964448 0.694475086 -0.0150156489 0.018898385 -0.71935938
1561996995.207333000 -0.230081105 0.737765801 1.00079927 0.69423368 -0.013232599 0.0193425582 -0.719616884
1561996995.274015000 -0.257491265 0.734432529 1.02155252 0.695871691 -0.00824670277 0.019085256 -0.718115221
1561996995.340806000 -0.28091387 0.720799254 1.00336509 0.696434921 -0.00939510227 0.0176395183 -0.717592255
1561996995.407506000 -0.269576425 0.71219471 0.994801972 0.693668957 -0.0135632498 0.0201728412 -0.720136022
1561996995.474503000 -0.297897192 0.705884099 1.00814538 0.695440474 -0.0107687337 0.0190468372 -0.718503482
1561996995.541645000 -0.310785673 0.695829725 1.02065367 0.694882311 -0.00810861013 0.0196571601 -0.719063226
1561996995.607869000 -0.328724053 0.684352632 1.01160462 0.695401583 -0.00955343572 0.0195882045 -0.718546362
1561996995.674777000 -0.356760375 0.671334662 1.00113631 0.697202884 -0.0112569784 0.0174122283 -0.716830526
1561996995.741659000 -0.366427122 0.660267005 1.01017295 0.696797811 -0.0112187665 0.0175090819 -0.717224233
1561996995.808242000 -0.383389395 0.646347302 1.00579537 0.696976289 -0.0121315549 0.0163560724 -0.717064398
1561996995.875318000 -0.395589207 0.633352724 1.00690363 0.696724324 -0.0126544333 0.0178065851 -0.717266981
1561996995.941914000 -0.404847126 0.618627715 1.02037778 0.696059651 -0.0125137499 0.0189677315 -0.717885796
1561996996.008609000 -0.413421753 0.601967462 1.02528733 0.695452973 -0.0125677137 0.0208033533 -0.718423662
1561996996.075870000 -0.432790426 0.581702957 1.00712334 0.696198397 -0.0170720937 0.0193673328 -0.717649623
1561996996.142298000 -0.441149352 0.567229835 1.02956871 0.695995237 -0.0145651901 0.0205987818 -0.717868846
1561996996.209035000 -0.446737877 0.547441244 1.00507606 0.695607914 -0.0154396012 0.0172962769 -0.718314222
1561996996.275763000 -0.44730989 0.534993153 1.03082523 0.694684935 -0.0120986313 0.0194472222 -0.719216272
1561996996.409301000 -0.466736185 0.499296687 1.03798134 0.695131223 -0.0109813586 0.0189648786 -0.71881678
1561996996.476088000 -0.476534325 0.476938857 1.01085356 0.694410324 -0.0146104873 0.0171663188 -0.719495303
1561996996.543305000 -0.484126003 0.458408854 1.01671362 0.694795838 -0.013367193 0.0170003203 -0.719152385
1561996996.676463000 -0.505504219 0.414966502 1.01583856 0.695325186 -0.014793485 0.0157657802 -0.718641523
1561996996.743279000 -0.511301911 0.393971824 1.00400981 0.695511666 -0.0159944273 0.014053287 -0.718472101
1561996996.876853000 -0.51846946 0.34741006 1.00749618 0.695531568 -0.0173153401 0.0135736819 -0.71843159
1561996996.943844000 -0.528357537 0.325396216 1.00232209 0.695885954 -0.0182022624 0.0139495603 -0.71805992
1561996997.077244000 -0.529989958 0.285903319 1.00817072 0.695205633 -0.0180083028 0.0150992276 -0.718700818
1561996997.144088000 -0.532837044 0.26185578 1.00104719 0.695076216 -0.019300047 0.0149801884 -0.718795499
1561996997.210815000 -0.546902005 0.241135639 1.0036948 0.696549604 -0.0192950557 0.0149799726 -0.717367748
1561996997.344599000 -0.553332183 0.198302184 1.01448613 0.696599193 -0.0210946407 0.0163521087 -0.717239686
1561996997.477947000 -0.558782828 0.161182058 1.0321848 0.698540951 -0.018774068 0.0167989803 -0.715402364
1561996997.544826000 -0.559234266 0.137246911 1.03016837 0.698901834 -0.0199940271 0.0161607617 -0.715032311
1561996997.678362000 -0.559368003 0.0976780563 1.03833575 0.700589988 -0.019951872 0.0163211179 -0.713374816
1561996997.745487000 -0.56364795 0.0769110798 1.03768539 0.702230027 -0.0220932329 0.017419069 -0.711672123
1561996997.878696000 -0.559414626 0.0368717916 1.06238683 0.704553182 -0.0206336821 0.0217675882 -0.709295837
1561996997.945563000 -0.555378445 0.0169656421 1.02973233 0.705537644 -0.0255327014 0.017279333 -0.70828099
1561996998.079176000 -0.552915649 -0.0222401979 1.04566531 0.708184467 -0.0231388571 0.0174371602 -0.705712655
1561996998.145891000 -0.55080437 -0.0469998574 1.03802697 0.710084469 -0.0234473433 0.0164478574 -0.703814165
1561996998.279346000 -0.541712843 -0.0799910333 1.0433052 0.711600043 -0.0241753715 0.0162385167 -0.702262128
1561996998.346371000 -0.524144699 -0.098005778 1.05607341 0.711745296 -0.023456856 0.0167857385 -0.702126755
1561996998.413134000 -0.508952599 -0.114152056 1.0424905 0.711363054 -0.0260553456 0.0153310813 -0.702456507
1561996998.546680000 -0.497018029 -0.155103392 1.03225701 0.712575436 -0.0284109902 0.0124366312 -0.701192736
1561996998.613411000 -0.493262959 -0.171908695 1.02869407 0.713078373 -0.0280984388 0.0134340377 -0.700675967
1561996998.680103000 -0.487693289 -0.189306785 1.02450298 0.713836225 -0.0269081271 0.0097391435 -0.700011846
1561996998.813717000 -0.467042548 -0.223158259 1.00991134 0.713547585 -0.0274284026 0.00745306886 -0.700315114
1561996998.880475000 -0.44919172 -0.234563141 1.03370317 0.713411623 -0.0254426438 0.0116382077 -0.700473297
1561996998.947362000 -0.436932066 -0.25032079 1.02222816 0.712906582 -0.0289655592 0.013251013 -0.700823755
1561996999.080843000 -0.414110636 -0.274309163 1.02923468 0.713732812 -0.0244993619 0.0108190261 -0.70019549
1561996999.147706000 -0.390105355 -0.287434376 1.03209469 0.712218063 -0.0262641272 0.0126887388 -0.70164299
1561996999.281242000 -0.358721733 -0.30909488 1.0401545 0.711932314 -0.0218594829 0.00908869951 -0.702140022
1561996999.348251000 -0.339479963 -0.320548761 1.03367817 0.711302531 -0.0243448727 0.00672310495 -0.702723947
1561996999.414866000 -0.319965011 -0.33077422 1.03989515 0.709968996 -0.0267484268 0.00890647806 -0.703961624
1561996999.548409000 -0.278234783 -0.346329472 1.05696535 0.709279001 -0.0207221277 0.00912600012 -0.704857982
1561996999.615249000 -0.264751531 -0.360703577 1.05864321 0.709414167 -0.0239328133 0.0119982019 -0.704578074
1561996999.748781000 -0.214119838 -0.378015551 1.0336492 0.706906147 -0.024563178 0.0057410841 -0.707152422
1561996999.815531000 -0.191260822 -0.383582897 1.05343439 0.706387161 -0.022356764 0.0055567739 -0.707746299
1561996999.882366000 -0.176554858 -0.38580352 1.05912541 0.70667194 -0.0197966076 0.00609842026 -0.707534567
1561997000.015909000 -0.130087035 -0.398766971 1.06619555 0.703892538 -0.017694157 0.00394568153 -0.710372438
1561997000.082799000 -0.133667266 -0.409100417 1.12752909 0.707493494 -0.0102692032 0.0117196379 -0.706845848
1561997000.149568000 -0.112763937 -0.41078933 1.09139103 0.705197505 -0.016785525 0.00688461934 -0.709076943
1561997000.283334000 -0.0425195674 -0.414388341 1.05272218 0.700552144 -0.0207476513 -0.00125020665 -0.713598328
1561997000.349968000 -0.0432418394 -0.425515717 1.06909997 0.701234877 -0.0195705012 0.000461056175 -0.712962134
1561997000.416649000 -0.027613113 -0.425711381 1.07793997 0.700870468 -0.0168184984 -0.000433452446 -0.713391235
1561997000.483485000 -0.00479054615 -0.425330733 1.08445281 0.699725707 -0.0161536148 -0.000486232923 -0.714530449
1561997000.550317000 0.0177581216 -0.424117444 1.08868952 0.698500116 -0.0176763623 0.00071298483 -0.715693886
1561997000.683826000 0.0468256149 -0.421709188 1.08693845 0.698559683 -0.0146127299 -0.00256256455 -0.715700506
1561997000.750716000 0.0722221568 -0.419768446 1.09279642 0.697191848 -0.0153283369 -3.41829439e-05 -0.71702497
1561997000.817378000 0.103082084 -0.418910563 1.08879023 0.695551858 -0.0181959483 0.000589841156 -0.718550855
1561997000.884156000 0.111885621 -0.415322534 1.08141168 0.696439962 -0.0188322448 -0.00237768946 -0.717669579
1561997001.017786000 0.149908188 -0.40660344 1.0909765 0.696281158 -0.0162616621 -0.00110828245 -0.717890495
1561997001.084528000 0.176125831 -0.401899429 1.08055812 0.696051244 -0.0171509554 -0.00272051786 -0.718089437
1561997001.218252000 0.204158632 -0.392116872 1.07278675 0.697731979 -0.0176533258 -0.00400322141 -0.716437479
1561997001.284945000 0.229946201 -0.385844366 1.07641736 0.698115422 -0.0170435147 -0.0047805441 -0.716074575
1561997001.351785000 0.249869163 -0.377639609 1.08020832 0.699306627 -0.0165976813 -0.00518031585 -0.714918956
1561997001.419053000 0.269850967 -0.370761597 1.0785084 0.700269387 -0.0190059033 -0.00357572977 -0.713926143
1561997001.552141000 0.31213053 -0.353990662 1.07185137 0.702668751 -0.0203998074 -0.00335235412 -0.711527072
1561997001.621068000 0.333859051 -0.345799528 1.06565289 0.70428689 -0.0209300265 -0.0037288453 -0.709907919
1561997001.685630000 0.357092976 -0.339394753 1.0489954 0.704698505 -0.0228405192 -0.00414321363 -0.709438457
1561997001.752483000 0.381454055 -0.326867308 1.04763442 0.70615503 -0.0212331829 -0.00341253258 -0.708042412
1561997001.886041000 0.388830041 -0.302882532 1.07479627 0.711280644 -0.015557134 0.00326947031 -0.703040021
1561997001.952949000 0.436136374 -0.290970127 1.07877661 0.708915197 -0.0188743634 0.00713074364 -0.705317924
1561997002.020297000 0.454937693 -0.302408922 1.05715902 0.710027706 -0.0179302211 0.00374622399 -0.704248899
1561997002.086352000 0.489099687 -0.289438786 1.06239548 0.7088858 -0.01561608 0.00807644508 -0.70541827
1561997002.153182000 0.487461614 -0.269120571 1.05457339 0.711451901 -0.0146872035 0.00850669971 -0.702844077
1561997002.221024000 0.511273378 -0.255856964 1.01951049 0.71099808 -0.0165559618 0.00427825736 -0.703300772
1561997002.286780000 0.531743896 -0.242204459 1.03816267 0.710713831 -0.0155389825 0.0114106308 -0.703532117
1561997002.353610000 0.534909931 -0.229897749 1.00945155 0.712602967 -0.0132102556 0.00398340092 -0.701746619
1561997002.420546000 0.553631879 -0.214015456 0.995256093 0.712034065 -0.014983144 0.00403414487 -0.70228859
1561997002.487046000 0.544073734 -0.203213996 0.982297672 0.715630272 -0.0160767849 0.00419523433 -0.698597517
1561997002.553875000 0.577689763 -0.178603226 0.976447285 0.712684688 -0.0178959471 0.00598651221 -0.701547045
1561997002.620775000 0.578262021 -0.169342778 0.985495234 0.715167437 -0.0150965312 0.00665976691 -0.699075384
1561997002.687412000 0.595237568 -0.151189915 0.964022393 0.715901156 -0.0157807483 0.00301419631 -0.698334009
1561997002.754265000 0.613277541 -0.130320821 0.976735111 0.714927299 -0.0148770588 0.00512710476 -0.699338793
1561997002.821209000 0.623379377 -0.11299705 0.95304714 0.715062664 -0.0157816617 0.000355782238 -0.6991994
1561997002.887802000 0.636209764 -0.0961478784 0.941636685 0.715257504 -0.0148900556 -0.00126778378 -0.699018909
1561997002.954605000 0.640211198 -0.0757562946 0.950578804 0.716058095 -0.014809765 0.00172079709 -0.698199278
1561997003.021509000 0.660886701 -0.0589534471 0.945306764 0.714356532 -0.0140926126 -0.000609644572 -0.699957585
1561997003.088180000 0.6433975 -0.0422487624 0.934920665 0.717851252 -0.0127193392 -0.00452906019 -0.69638382
1561997003.155029000 0.649318665 -0.0184687385 0.950746458 0.717112329 -0.0123364744 -0.000847299386 -0.697167075
1561997003.221824000 0.659674684 0.00134042761 0.957355259 0.715366362 -0.0117631388 0.000992563256 -0.698969092
1561997003.288552000 0.672960537 0.0234016275 0.94288182 0.713976125 -0.0113754156 -0.00151276703 -0.700395646
1561997003.355357000 0.678461008 0.0441028064 0.977200431 0.713076533 -0.00850764904 0.00630872777 -0.701326024
1561997003.422203000 0.670769167 0.0645919083 0.974878146 0.71387186 -0.00825413714 0.0043148572 -0.700534222
1561997003.488984000 0.672517707 0.0864662391 0.984538044 0.712065538 -0.00992513351 0.00961576811 -0.702297369
1561997003.555718000 0.679692092 0.106933111 0.94648603 0.711371845 -0.011332293 0.00357407733 -0.703037496
1561997003.622542000 0.663550149 0.12224875 0.982751387 0.712096613 -0.00415043228 0.0067992737 -0.702358588
1561997003.689327000 0.66594 0.142536181 0.960791641 0.711101309 -0.00712865381 0.00557266499 -0.703354931
1561997003.756104000 0.67763119 0.16184401 0.96517755 0.709007482 -0.00407807727 0.00516538169 -0.70549383
1561997003.823193000 0.671790872 0.184225356 0.942087784 0.70817224 -0.00564012904 0.00392379004 -0.706331233
1561997003.889629000 0.656221316 0.204228723 0.937342603 0.708985031 -0.0104645756 0.00769914235 -0.705429967
1561997003.956444000 0.65263432 0.224690956 0.941293705 0.708961815 -0.00733541095 0.00658425105 -0.705504756
1561997004.023407000 0.644753228 0.249123539 0.920029922 0.708621126 -0.0105990113 0.00560534828 -0.705815091
1561997004.089969000 0.638284518 0.273087748 0.920252875 0.707707462 -0.0130914807 0.00993644925 -0.706643583
1561997004.156818000 0.629818233 0.292662345 0.93769976 0.706913168 -0.010730889 0.0129251137 -0.707430784
1561997004.223685000 0.604744203 0.313281153 0.907786015 0.707893017 -0.00899740019 0.00682437038 -0.706559287
1561997004.290404000 0.609454233 0.339660934 0.931429612 0.705712416 -0.00774405279 0.0127245555 -0.708673511
1561997004.357190000 0.590858602 0.358719224 0.923806547 0.7063051 -0.00851635895 0.0149515554 -0.708031308
1561997004.424060000 0.582755563 0.38406105 0.931043478 0.705654716 -0.00573447075 0.014324294 -0.708721531
1561997004.490823000 0.576073197 0.403031204 0.917622231 0.704866808 -0.00661530975 0.0135046702 -0.709514633
1561997004.557712000 0.542621577 0.423351861 0.913312984 0.706214266 -0.00837596057 0.0148683809 -0.708126904
1561997004.624479000 0.531365115 0.446700272 0.897561269 0.70614444 -0.0075446799 0.0115843714 -0.708267861
1561997004.691217000 0.533119531 0.466985613 0.925230015 0.703683725 -0.00854582784 0.0198587612 -0.710519439
1561997004.757983000 0.519528996 0.489019352 0.903672742 0.703547878 -0.00812793168 0.0176117625 -0.71071924
1561997004.824816000 0.51887785 0.51294619 0.920321403 0.701702787 -0.00360149354 0.0190131424 -0.712543908
1561997004.891447000 0.489068951 0.530797384 0.924946898 0.70186763 -0.0048729537 0.0212565068 -0.712311524
1561997004.958365000 0.477326314 0.549818859 0.927673841 0.700809067 -0.0070802759 0.0215942271 -0.713325339
1561997005.025259000 0.472911388 0.56547686 0.924967274 0.699533142 -0.0052216957 0.0198591688 -0.714643519
1561997005.091809000 0.439263653 0.587145125 0.93292779 0.700940087 -0.00936120552 0.0261148283 -0.713019522
1561997005.158696000 0.439970772 0.601296525 0.937391339 0.697336701 -0.0077246013 0.0277473815 -0.71650481
1561997005.225635000 0.41461234 0.616875032 0.934280157 0.698317421 -0.0114060099 0.028474084 -0.715471331
1561997005.292211000 0.395105453 0.632954918 0.962283816 0.698331004 -0.00864331303 0.030148497 -0.715428755
1561997005.359350000 0.380170818 0.642501132 0.943758272 0.698367696 -0.00817915757 0.0246171118 -0.715610902
1561997005.425880000 0.384771759 0.69569381 0.932727835 0.700392954 -0.00276504004 0.0163728342 -0.713907213
1561997005.492636000 0.367854787 0.705152682 0.920008276 0.700885717 -0.00451162887 0.0126220471 -0.71349162
1561997005.559336000 0.360506292 0.714536035 0.940651585 0.70106118 -0.00185772679 0.0114201371 -0.713351814
1561997005.626318000 0.325033556 0.729876861 0.909309019 0.703001492 -0.00554013908 0.0098619087 -0.711443028
1561997005.693012000 0.321040963 0.735753485 0.913776354 0.70238504 -0.00624151939 0.00904597811 -0.712057614
1561997005.759698000 0.294426962 0.744780328 0.920343735 0.70339868 -0.00691897766 0.0114036565 -0.711016525
1561997005.826875000 0.29023969 0.749222797 0.912206441 0.703081693 -0.00763850981 0.00791974309 -0.711370643
1561997005.893372000 0.283211739 0.758556963 0.927758324 0.703144154 -0.0055769822 0.00955160121 -0.711309562
1561997005.960078000 0.250342779 0.771557205 0.913318532 0.704969037 -0.00507025114 0.00803853774 -0.709523312
1561997006.027216000 0.239491199 0.774397604 0.915631657 0.704697526 -0.00249875256 0.00866081666 -0.709800306
1561997006.093743000 0.214676616 0.782391698 0.910391481 0.705326933 -0.002771992 0.0067259791 -0.709195439
1561997006.160439000 0.196763258 0.790142509 0.917134565 0.705114355 -0.00437512835 0.00966609291 -0.70936573
1561997006.227459000 0.184596162 0.79494826 0.925619291 0.704161356 -0.00668660949 0.0129731144 -0.710242847
1561997006.294101000 0.152836752 0.799322738 0.916078237 0.705203459 -0.00675815639 0.010640326 -0.709246583
1561997006.360838000 0.143261187 0.799947567 0.915549363 0.704469949 -0.00624979331 0.00983403283 -0.709991644
1561997006.427783000 0.12285864 0.807016034 0.935303073 0.704134492 -0.00675520703 0.0130793842 -0.710268128
1561997006.494434000 0.124667935 0.807933945 0.931224183 0.70125244 -0.00876783144 0.0136631083 -0.713082761
1561997006.561223000 0.102908147 0.806820772 0.963184941 0.701586902 -0.00618411527 0.0143896245 -0.71276694
1561997006.628068000 0.0641804607 0.812987225 0.957287471 0.702544928 -0.00831124235 0.0135903806 -0.711816881
1561997006.694846000 0.0470301371 0.808915188 0.94981121 0.701372212 -0.00606958231 0.00900853853 -0.713068254
1561997006.761608000 0.024844803 0.811168272 0.969323757 0.700459124 -0.00685649889 0.0137500984 -0.71388334
1561997006.828483000 0.0117808873 0.810213563 0.966503153 0.698796726 -0.00846031419 0.013786122 -0.715494194
1561997006.895343000 0.00133733709 0.805752931 0.968427031 0.697419129 -0.0078950161 0.0131162286 -0.716857291
1561997006.961956000 -0.0181883803 0.803664546 0.987042296 0.696490745 -0.00592703619 0.0137575956 -0.717767103
1561997007.028779000 -0.0275903308 0.803357695 1.01492968 0.694332366 -0.0027770511 0.016458887 -0.719819431
1561997007.095498000 -0.0579555888 0.797495892 0.975481112 0.695332478 -0.00612341939 0.0133231919 -0.718897918
1561997007.162306000 -0.0542815816 0.791303416 0.981086947 0.692659109 -0.00700832013 0.0171495504 -0.721387995
1561997007.229206000 -0.0759998288 0.784017861 0.980648605 0.692598899 -0.00363169916 0.015224581 -0.721514716
1561997007.295868000 -0.0936122246 0.778750082 0.975161255 0.692687287 -0.00471914438 0.0152460591 -0.721422653
1561997007.362693000 -0.103233054 0.774011477 0.968369774 0.692476553 -0.00338758925 0.0131605503 -0.721673527
1561997007.429557000 -0.128016472 0.768280615 0.959603013 0.693694945 -0.00452146283 0.0127310973 -0.720503601
1561997007.496194000 -0.12731767 0.758167173 0.958244698 0.692443676 -0.00341192245 0.0131188593 -0.721706606
1561997007.563306000 -0.157320178 0.750936079 0.941149468 0.693861888 -0.00392567717 0.012624924 -0.720349536
1561997007.630055000 -0.167612225 0.744328482 0.956500418 0.694379888 -0.00199147972 0.0134918635 -0.719843391
1561997007.696589000 -0.183968468 0.730678949 0.948816544 0.694458465 -0.00276202221 0.0110942991 -0.719805981
1561997007.763321000 -0.199917976 0.723727897 0.943845625 0.695460387 -0.0051080945 0.0121026022 -0.718808587
1561997007.830272000 -0.204049142 0.700965665 0.917677374 0.695049704 -0.0102743182 0.0113860272 -0.719163171
1561997007.896998000 -0.218979201 0.691477459 0.925478852 0.695903605 -0.0118397178 0.0143105572 -0.718260172
1561997007.963716000 -0.242264463 0.682017925 0.931345464 0.698547984 -0.0111813145 0.0132324668 -0.715719559
1561997008.030621000 -0.255969819 0.670354923 0.923773951 0.699407131 -0.0113294849 0.0111057419 -0.714914928
1561997008.097332000 -0.265388551 0.656801557 0.937159897 0.700475176 -0.0104996432 0.0125605111 -0.713857662
1561997008.164063000 -0.272903271 0.645283689 0.944152059 0.701393951 -0.00903866106 0.0117107966 -0.712990402
1561997008.231102000 -0.287859512 0.632887301 0.953426289 0.702832366 -0.00954285703 0.0145239303 -0.711514697
1561997008.297754000 -0.30758958 0.619475785 0.94013085 0.70385334 -0.0118696931 0.0123364811 -0.710510728
1561997008.364471000 -0.308854301 0.604694983 0.953134303 0.70349252 -0.00977255555 0.0155284492 -0.710839446
1561997008.431290000 -0.330801821 0.589250326 0.955961381 0.705230693 -0.00757867165 0.0128190971 -0.709196405
1561997008.498145000 -0.346164818 0.576748097 0.960786599 0.705813447 -0.00788436832 0.0139716974 -0.708591794
1561997008.564825000 -0.36296981 0.565167327 0.955748438 0.706602619 -0.0100951666 0.0116930779 -0.707818316
1561997008.631773000 -0.370585984 0.545955799 0.97286695 0.705771914 -0.0110108337 0.0149594356 -0.708572512
1561997008.698560000 -0.389730232 0.526889613 0.96361738 0.706750463 -0.0138518663 0.01364039 -0.70757374
1561997008.765203000 -0.395177018 0.517347231 0.991008307 0.706361111 -0.0108443571 0.0135597368 -0.708017528
1561997008.832041000 -0.397577883 0.498204797 0.9868658 0.705598697 -0.0135184612 0.0141317114 -0.708722314
1561997008.900719000 -0.414523727 0.483154665 0.995442098 0.706732264 -0.0113191254 0.0145748761 -0.707621322
1561997008.965593000 -0.426234296 0.46618465 0.996216191 0.705762275 -0.0128780499 0.0153021346 -0.708548494
1561997009.032406000 -0.437477894 0.449547463 1.00164233 0.705480832 -0.0122617268 0.0156375895 -0.708832333
1561997009.165955000 -0.461183195 0.414494369 1.00724615 0.704414657 -0.0120093176 0.0142335153 -0.709928282
1561997009.232767000 -0.470552488 0.396782636 1.00991028 0.703804406 -0.0120649858 0.0137562003 -0.710543875
1561997009.366320000 -0.479839684 0.365491227 1.01434721 0.700189683 -0.0136905154 0.0164326583 -0.714023389
1561997009.433152000 -0.492147908 0.338970631 1.01326982 0.698673595 -0.0160909142 0.0165794571 -0.715454988
1561997009.566733000 -0.511207556 0.299791287 1.00814489 0.695678494 -0.0208119328 0.0169870485 -0.71823984
1561997009.633596000 -0.516663517 0.280054205 1.01438653 0.694049162 -0.0184649322 0.0172176791 -0.719874509
1561997009.701873000 -0.522617665 0.262298165 1.0240073 0.692521085 -0.0175002246 0.0178916411 -0.721354057
1561997009.833934000 -0.528707946 0.228319467 1.03170422 0.689715161 -0.0181514368 0.0199282426 -0.723970328
1561997009.901730000 -0.538340892 0.208223878 1.05712094 0.689202128 -0.0128082605 0.0207087152 -0.724553294
1561997010.034262000 -0.551747043 0.172215054 1.0407133 0.6882213 -0.0188579685 0.0173905069 -0.725441376
1561997010.101138000 -0.558011744 0.150003782 1.03580302 0.688068145 -0.0208962433 0.0157249765 -0.725569793
1561997010.234612000 -0.557786936 0.113022435 1.05609316 0.687487112 -0.0198760381 0.0175034462 -0.72610919
1561997010.304958000 -0.560505419 0.092793719 1.05296498 0.687475899 -0.0227037587 0.0173173836 -0.726042503
1561997010.435045000 -0.55829456 0.0581610685 1.06548896 0.687262942 -0.0222357982 0.0171457085 -0.726263976
1561997010.501797000 -0.557930673 0.0380913955 1.06779022 0.687545874 -0.022509161 0.0177842711 -0.725972536
1561997010.635337000 -0.546016138 0.00207186543 1.0810963 0.686856645 -0.0191964793 0.0180026627 -0.726716005
1561997010.768818000 -0.544528761 -0.0413127297 1.07954776 0.688208682 -0.0173048807 0.0160304531 -0.725529843
1561997010.835641000 -0.544880797 -0.0630472146 1.07585879 0.689401434 -0.0157861035 0.0134683287 -0.724483338
1561997010.902663000 -0.542641202 -0.0795446154 1.07000035 0.689031734 -0.0179064003 0.012384338 -0.724806039
