1569155606.541166000 -0.287427234 -0.0228818704 -0.0577825701 0.999595876 -0.00868988711 -0.0270455317 -0.00105383747
1569155606.609381000 -0.287983611 -0.0260420437 -0.0638703612 0.999570462 -0.0077896609 -0.0282614111 -0.000381882001
1569155606.676171000 -0.288472631 -0.0232792003 -0.057737229 0.999601809 -0.00837168491 -0.0269334363 -0.00119496974
1569155606.742978000 -0.288622493 -0.0238673558 -0.0530604201 0.999639935 -0.00871460405 -0.0253874405 -0.000883302186
1569155606.876530000 -0.288707879 -0.0265515497 -0.0640151189 0.999575861 -0.00786646107 -0.0280681453 -0.000407030789
1569155607.010116000 -0.288185069 -0.0239429147 -0.0579480964 0.999591312 -0.0089635649 -0.0271578124 -0.000979880964
1569155607.076897000 -0.28886071 -0.0276709941 -0.0616153795 0.999561707 -0.00998578306 -0.0279060528 3.44076922e-05
1569155607.143709000 -0.290052202 -0.0219604304 -0.0540735537 0.999593668 -0.0106367458 -0.0264394585 -0.0015244332
1569155607.277261000 -0.288685335 -0.0248420915 -0.0579102968 0.999588722 -0.00945489513 -0.0271080104 -0.000705917343
1569155607.344069000 -0.289456726 -0.0220602239 -0.0590937312 0.999589989 -0.00861763843 -0.0273154981 -0.00128082674
1569155607.410851000 -0.288728828 -0.0254825149 -0.0596735665 0.999574221 -0.00965452891 -0.0275681796 -0.000381948006
1569155607.477616000 -0.288162392 -0.026611566 -0.0636085478 0.999549523 -0.00958956417 -0.0284812282 -0.000169984662
1569155607.544422000 -0.28683164 -0.0245065161 -0.0593349061 0.99958978 -0.00837571748 -0.0274271782 -0.000664455905
1569155607.677994000 -0.287835592 -0.0224835185 -0.0602221405 0.999596829 -0.00689113711 -0.0275858237 -0.00104521242
1569155607.811562000 -0.289041145 -0.0256800621 -0.0615512083 0.999598043 -0.0063947102 -0.0276913069 -0.000325858795
1569155608.078714000 -0.288888222 -0.0218223105 -0.0555806215 0.999623657 -0.00784974499 -0.0263551761 -0.000903177355
1569155608.212329000 -0.28727381 -0.0256491582 -0.0693539565 0.999525235 -0.00774719999 -0.0299012488 0.000277517071
1569155608.412669000 -0.285862197 -0.0289894431 -0.0637869688 0.999566274 -0.00824882701 -0.0283515148 0.000909492837
1569155608.546264000 -0.28839085 -0.0238728288 -0.059788995 0.999593052 -0.00866577509 -0.0272799669 -0.000502590343
1569155608.613026000 -0.288378087 -0.024681361 -0.0592662376 0.99959149 -0.00888112621 -0.027276758 -0.000432142794
1569155608.679811000 -0.289880822 -0.0156345671 -0.0515176089 0.999645698 -0.00844585802 -0.0252776353 -0.00233937989
1569155608.813387000 -0.288513812 -0.0215418867 -0.0561714956 0.999623508 -0.00769089327 -0.0264760155 -0.000894075925
1569155608.946948000 -0.289667428 -0.0278870074 -0.0692655512 0.999543341 -0.00670327209 -0.0296140382 0.000460027721
1569155609.147315000 -0.288203597 -0.0225314372 -0.062181715 0.999584179 -0.00771263113 -0.0279262358 -0.000731078737
1569155609.414558000 -0.286798196 -0.0261217524 -0.0653385384 0.999574895 -0.00605118075 -0.0286704923 4.88140571e-05
1569155609.481270000 -0.288490669 -0.0234895153 -0.0670792325 0.999564078 -0.00616036567 -0.0290237018 -0.00059296014
1569155609.614852000 -0.288198268 -0.0241565845 -0.0605095688 0.999600905 -0.00777041264 -0.0273302448 -0.000419596875
1569155609.815195000 -0.288749112 -0.0250233391 -0.0626752337 0.999578542 -0.00803969698 -0.0280717269 -0.000198626536
1569155609.948802000 -0.288149431 -0.0263411922 -0.0610834976 0.99956656 -0.00933827583 -0.0280937183 0.000175485752
1569155610.015563000 -0.290441217 -0.0237424105 -0.0517047306 0.99961943 -0.0100000525 -0.0259087218 -0.000507022907
1569155610.149140000 -0.289229384 -0.0235040356 -0.0590147337 0.999586579 -0.00882444664 -0.0275514806 -0.000601596326
1569155610.215923000 -0.288520458 -0.0246405983 -0.0640101156 0.999555918 -0.00895185456 -0.0286106993 -0.000403383971
1569155610.349522000 -0.288763076 -0.0223942757 -0.0532942978 0.999618755 -0.0102059396 -0.0258730709 -0.000703996345
1569155610.549873000 -0.288299033 -0.0236892837 -0.0535136262 0.999610955 -0.00941181272 -0.0264788616 -0.000488822459
1569155610.683446000 -0.290488473 -0.0193383641 -0.0542391261 0.999607301 -0.0099194418 -0.0263939157 -0.00158195142
1569155610.750258000 -0.288157635 -0.0221016818 -0.0551014864 0.999597603 -0.00919200919 -0.0270492024 -0.000951257654
1569155610.883817000 -0.290084549 -0.0227718198 -0.0534151102 0.999610429 -0.00897109006 -0.0266378994 -0.00140325264
1569155611.084175000 -0.287282668 -0.0232038522 -0.0591486112 0.999574873 -0.00873030212 -0.0280087774 -0.00136746329
1569155611.217752000 -0.28801679 -0.0239515679 -0.0607851303 0.999570339 -0.00868773599 -0.0282030057 -0.00100579015
1569155611.284547000 -0.287888899 -0.0205109985 -0.0550583838 0.99961636 -0.00697326149 -0.0269657604 -0.00211289892
1569155611.484915000 -0.289090307 -0.020542756 -0.0617642551 0.999549166 -0.00925479094 -0.0287027434 -0.00237287336
1569155611.551703000 -0.289208073 -0.0210439952 -0.0626442218 0.999540668 -0.00892024028 -0.0290651835 -0.00287208676
1569155611.818834000 -0.288149174 -0.0128082395 -0.0591452137 0.999471344 -0.00959663427 -0.0282643108 -0.0134322053
1569155612.085998000 -0.288800284 -0.0296665095 -0.0570689331 0.999561155 -0.0107801233 -0.0269772117 -0.00692639374
1569155612.152824000 -0.287455947 -0.0319640829 -0.0534711355 0.999608878 -0.0102846002 -0.0259698402 -0.00402787327
1569155612.219567000 -0.287557151 -0.0140244491 -0.0595125604 0.999594825 -0.00982470355 -0.026998982 0.000426124969
1569155612.419909000 -0.287426914 0.0057868093 -0.0519773967 0.999547432 -0.0112068612 -0.0259131288 0.0111322668
1569155612.687074000 -0.288130938 0.0480013378 -0.0623255916 0.999457939 -0.00968390678 -0.0289975005 -0.0128617217
1569155612.887441000 -0.28920911 0.0438311796 -0.0620964609 0.999462104 -0.0100450158 -0.0294175463 -0.0112173813
1569155613.021039000 -0.289711611 0.054612791 -0.0654637418 0.999480416 -0.00857490061 -0.0303648839 -0.00782481493
1569155613.288161000 -0.290895588 0.0947294018 -0.0598654397 0.999221381 -0.00850073892 -0.0304528901 -0.0239982928
1569155613.488505000 -0.29427552 0.123617711 -0.0655308469 0.998754808 -0.00844359276 -0.0339067114 -0.0358763099
1569155613.688902000 -0.295639129 0.128194424 -0.0687040359 0.998786504 -0.0066445116 -0.0328335647 -0.0363810816
1569155613.822486000 -0.297149421 0.139805907 -0.0673222275 0.999140074 -0.00700094225 -0.0315028759 -0.0264356808
1569155614.089625000 -0.307578514 0.18455609 -0.0596950774 0.999254925 -0.00665135081 -0.0303297117 -0.0234056865
1569155614.289987000 -0.313239229 0.242621784 -0.0638574186 0.998553001 -0.00747803617 -0.0303493095 -0.0440271625
1569155614.490365000 -0.316388768 0.26997667 -0.0627050945 0.997381714 -0.00765367449 -0.0302917864 -0.0654063238
1569155614.757511000 -0.313875997 0.310912865 -0.0718293442 0.993711031 -0.00799447878 -0.0342343198 -0.106430183
1569155614.891084000 -0.314814708 0.324083796 -0.0776527773 0.992935543 -0.00788696841 -0.0350235999 -0.113203133
1569155615.091442000 -0.315148105 0.332675736 -0.0820034154 0.993322979 -0.00472829044 -0.0364267852 -0.109476058
1569155615.291817000 -0.318075407 0.352470421 -0.0714184987 0.995386673 -0.00514971062 -0.0336161855 -0.0898547678
1569155615.492180000 -0.317896533 0.393372556 -0.0739900308 0.99631028 -0.00125069302 -0.0320356113 -0.0797717241
1569155615.759295000 -0.32494957 0.443149651 -0.0701391176 0.996650131 -0.00232147811 -0.0318633923 -0.0754621618
1569155615.959671000 -0.323499025 0.462438944 -0.0777366602 0.996977681 -0.00173701926 -0.0323050616 -0.0708243647
1569155616.160092000 -0.318288239 0.504212871 -0.0838384271 0.995972148 -0.000932731785 -0.0343649451 -0.0829753328
1569155616.226834000 -0.315172038 0.506207824 -0.088887901 0.995655813 -0.000365995012 -0.0352212575 -0.0863531267
1569155616.627561000 -0.297740545 0.553053432 -0.0876041263 0.996199051 -0.00121906224 -0.0352884911 -0.0798094732
1569155616.827926000 -0.295642572 0.615482116 -0.0831999647 0.994599978 0.000619574798 -0.0344795171 -0.098033651
1569155616.961516000 -0.296154725 0.638051952 -0.096172114 0.993643847 0.00143559273 -0.0375062181 -0.106265438
1569155617.095071000 -0.299421127 0.650556365 -0.0911032147 0.993791315 0.00136155749 -0.0349371028 -0.10576593
1569155617.362253000 -0.304014757 0.704540018 -0.0897466556 0.991443858 0.00285335834 -0.0347803982 -0.12590347
1569155617.629369000 -0.312149181 0.725584939 -0.0822831181 0.991213972 0.00508403123 -0.0313612275 -0.128515715
1569155617.762957000 -0.314047627 0.74057588 -0.0846924851 0.992031313 0.00292855618 -0.0322638169 -0.121886
1569155618.030107000 -0.29050758 0.800990688 -0.0835008083 0.988433757 0.00572811476 -0.0318683392 -0.148266944
1569155618.163694000 -0.286044365 0.778883655 -0.081618072 0.98994606 0.0043811844 -0.0306442171 -0.138138069
1569155618.497618000 -0.264817554 0.804241273 -0.0829753999 0.990620118 0.00346748513 -0.0311180392 -0.133140283
1569155618.898369000 -0.242710657 0.897567675 -0.0756973998 0.981530033 0.00228936638 -0.0303354044 -0.1889709
1569155619.098711000 -0.242096452 0.864410983 -0.0815809495 0.98668132 0.000916511232 -0.0305532089 -0.159885028
1569155619.365854000 -0.237785177 0.924297021 -0.0791876361 0.986885255 0.0022146404 -0.0301483217 -0.158691156
1569155619.633032000 -0.240394545 0.957031061 -0.077734644 0.987136223 0.00429584412 -0.0296053301 -0.157185204
1569155619.900164000 -0.243598067 0.998173144 -0.0800277547 0.988201718 0.00661804194 -0.0299958894 -0.150184075
1569155620.167327000 -0.250847421 1.04288947 -0.0816436225 0.988603786 0.00877421198 -0.0298344876 -0.147440624
1569155620.367688000 -0.254907139 1.08113759 -0.0881136412 0.988976531 0.0101706769 -0.0311512035 -0.144554421
1569155620.634861000 -0.259411536 1.13503815 -0.0865025776 0.987966727 0.00968379613 -0.0305980663 -0.151450706
1569155620.835229000 -0.261539672 1.18049147 -0.0727237619 0.98639551 0.00849371992 -0.0265457927 -0.162153856
1569155621.035573000 -0.274073636 1.19152329 -0.0771156974 0.986983122 0.00913248915 -0.0276622768 -0.158314119
1569155621.235921000 -0.278292099 1.21144334 -0.0803843833 0.987719322 0.0103321856 -0.0287010713 -0.153388595
1569155621.436273000 -0.285470776 1.23903788 -0.0825073874 0.987652248 0.00837434476 -0.0283883282 -0.153999169
1569155621.636647000 -0.282121009 1.24906389 -0.0775806863 0.987471141 0.00922341119 -0.0268388881 -0.155385395
1569155621.703469000 -0.276734148 1.27433572 -0.07586325 0.986523208 0.00860173763 -0.0278574176 -0.161158976
1569155621.903818000 -0.270437851 1.30899624 -0.0689574254 0.984562717 0.00976502817 -0.0256111393 -0.173020105
1569155622.104179000 -0.271447384 1.32891061 -0.0696397251 0.984521098 0.00957052681 -0.0261462437 -0.173189371
1569155622.304538000 -0.276383845 1.3642685 -0.07013066 0.984021995 0.0089945084 -0.0265322125 -0.175977786
1569155622.504898000 -0.276380285 1.4123485 -0.0631392509 0.981360703 0.0120789786 -0.0257797019 -0.190194335
1569155622.571705000 -0.277121374 1.42777727 -0.0664495092 0.98025082 0.0116834912 -0.026071708 -0.195820187
1569155622.638450000 -0.279382714 1.43679878 -0.0683521248 0.978986959 0.0117473592 -0.0270916549 -0.201908215
1569155622.705300000 -0.287770718 1.42506287 -0.0686077819 0.978914829 0.0078020175 -0.0260585399 -0.202585602
1569155622.905599000 -0.294684588 1.45576151 -0.0682481813 0.97756214 0.0109350904 -0.0268706151 -0.208773266
1569155623.106008000 -0.293464726 1.48740755 -0.0772956201 0.975973503 0.00804876733 -0.028583814 -0.215986167
1569155623.239561000 -0.286431796 1.53005006 -0.0782190881 0.972570557 0.0116121284 -0.0297544045 -0.230527761
1569155623.373148000 -0.289342991 1.54716271 -0.0689844583 0.970922823 0.00799117018 -0.0263856181 -0.237920337
1569155623.506703000 -0.309640806 1.52786055 -0.0758106272 0.972664717 0.0109088803 -0.0281012859 -0.230373986
1569155623.640292000 -0.309841275 1.54201777 -0.0792527186 0.972931547 0.00948960606 -0.0286875042 -0.229235255
1569155623.707078000 -0.314019924 1.54372002 -0.0927711312 0.973344826 0.0101119357 -0.0320161897 -0.227003546
1569155623.773869000 -0.304676161 1.57751607 -0.0824770328 0.972543472 0.0104422032 -0.0303803566 -0.230619501
1569155623.907448000 -0.316971773 1.55925711 -0.0943172702 0.974564387 0.00915313391 -0.0322339454 -0.221719503
1569155624.041020000 -0.325260529 1.570811 -0.0867227232 0.976219837 0.011137549 -0.0312572032 -0.214365972
1569155624.308163000 -0.319394655 1.6226158 -0.0779068311 0.97597901 0.0103075436 -0.0291624297 -0.215795717
1569155624.441747000 -0.315442902 1.65175543 -0.0894081221 0.975729763 0.00999146978 -0.0317424851 -0.216572354
1569155624.508532000 -0.318810565 1.65775984 -0.0981882392 0.976368325 0.0105491514 -0.0338208656 -0.213328018
1569155624.642124000 -0.323097337 1.66284214 -0.0855256444 0.978327357 0.0104945996 -0.0314977643 -0.20453406
1569155624.775692000 -0.330752049 1.664292 -0.0876293099 0.979510396 0.0100931672 -0.0316844619 -0.198783557
1569155624.976051000 -0.33833673 1.65511733 -0.0660260968 0.980535578 0.0108633822 -0.0269992212 -0.194333105
1569155625.243210000 -0.324416565 1.66953403 -0.0852016691 0.981448004 0.00758979001 -0.0307526223 -0.189258711
1569155625.376799000 -0.32777109 1.65018211 -0.0729041175 0.983689028 0.0105745486 -0.028612093 -0.177448035
1569155625.577129000 -0.329693513 1.61800686 -0.0819986631 0.984832773 0.01355967 -0.0327055915 -0.170040042
1569155625.777518000 -0.309056417 1.61169194 -0.0872614829 0.982267248 0.00903401912 -0.0319469352 -0.184693945
1569155625.977857000 -0.300287531 1.58575173 -0.0771692626 0.980904627 0.0105226513 -0.0304116427 -0.191975096
1569155626.111455000 -0.3089191 1.53596309 -0.0773701415 0.981586265 0.00948472004 -0.0295899501 -0.1886447
1569155626.311872000 -0.306087617 1.50331949 -0.0826495313 0.982273145 0.0108384965 -0.0311169841 -0.18470998
1569155626.445417000 -0.320829215 1.44403816 -0.0837305665 0.984046714 0.00934037198 -0.0306430245 -0.175190375
1569155626.779324000 -0.315269604 1.38415428 -0.0871387001 0.984168489 0.00431456159 -0.0288314704 -0.175008201
1569155626.979691000 -0.305616721 1.3576453 -0.0779704572 0.985784539 0.00829534575 -0.0279397232 -0.165667462
1569155627.113276000 -0.294894613 1.34413032 -0.0769539095 0.986371334 0.00764786974 -0.0275016466 -0.162245791
1569155627.246832000 -0.288929738 1.31074627 -0.0774191894 0.98634888 0.00886769872 -0.0284586511 -0.162157759
1569155627.580819000 -0.256356086 1.24250897 -0.0694209965 0.984318607 0.0103113366 -0.0272291351 -0.174176355
1569155627.847924000 -0.232564736 1.17598763 -0.0741313127 0.986944543 0.00695195089 -0.0282054807 -0.158632437
1569155628.048287000 -0.217272929 1.13664952 -0.0695609788 0.986483871 0.00701744626 -0.0267851513 -0.161710062
1569155628.248658000 -0.210524116 1.08212259 -0.0803645077 0.987152587 0.00561914049 -0.0297666397 -0.157096665
1569155628.515799000 -0.195223582 1.04253678 -0.0681381762 0.988762236 0.00518690903 -0.0279720852 -0.146992578
1569155628.716179000 -0.189932714 1.00449513 -0.0680009035 0.988233096 0.00449321067 -0.028428187 -0.150450925
1569155628.916539000 -0.190341041 0.952185454 -0.0752094795 0.987504787 0.00255789139 -0.0312939597 -0.154653343
1569155629.183694000 -0.187992572 0.885022747 -0.070212722 0.986125296 0.00245930995 -0.0310804919 -0.163262859
1569155629.450840000 -0.189036756 0.804164026 -0.0745518763 0.986831128 0.00186832433 -0.032910404 -0.158582329
1569155629.718012000 -0.192978657 0.732032552 -0.0832558721 0.987778936 0.00507817869 -0.0342558737 -0.152199881
1569155629.985153000 -0.195344165 0.691528415 -0.075641827 0.98764729 0.00355489045 -0.0328402089 -0.15340513
1569155630.252305000 -0.1997535 0.590770433 -0.0837157679 0.992289374 0.00254252385 -0.0353724163 -0.119063973
1569155630.519428000 -0.201959372 0.539684801 -0.0799907299 0.993373704 0.0014197222 -0.0356315929 -0.10959034
1569155630.786591000 -0.206161538 0.46918653 -0.08394533 0.995003371 -0.000768500737 -0.0355142052 -0.0937009236
1569155631.053831000 -0.209014751 0.387043477 -0.0735448176 0.997958766 -0.00105110925 -0.0357110779 -0.0536304415
1569155631.320914000 -0.20439961 0.300032465 -0.0748754751 0.998924318 -0.00378274069 -0.0368241045 -0.029225065
1569155631.521275000 -0.202549938 0.249293031 -0.0675141753 0.999159506 -0.00677132487 -0.0359287378 -0.020452237
1569155631.721657000 -0.197918173 0.200439641 -0.0591093104 0.999327619 -0.00769764814 -0.0312801142 -0.0195364941
1569155631.988818000 -0.19105517 0.133349403 -0.0671054923 0.999387686 -0.0103832902 -0.0345134587 0.000823804102
1569155632.322726000 -0.179033317 0.028904884 -0.056128922 0.999427615 -0.00255227813 -0.0334939886 0.00962021374
1569155632.589897000 -0.164360077 -0.0344215069 -0.0445325862 0.999654587 -0.00109822268 -0.0276705656 -0.000600818298
1569155632.790251000 -0.156528232 -0.10366878 -0.0485231837 0.999560176 -0.00481315841 -0.0283374857 0.0114349619
1569155633.057449000 -0.15104323 -0.179450897 -0.0455915945 0.99929127 -0.00589262883 -0.0271168878 0.0269198269
1569155633.324546000 -0.145943035 -0.25944716 -0.0399489601 0.999124996 -0.00448281729 -0.0256497071 0.0339128248
1569155633.725270000 -0.14027377 -0.353545801 -0.0330749921 0.998153256 -0.00204350146 -0.0222101051 0.0572046949
1569155633.925623000 -0.140096494 -0.407765138 -0.0277023249 0.997294236 -0.000864455847 -0.0212048604 0.0709523648
1569155634.125980000 -0.136619534 -0.458865735 -0.0285627429 0.996678434 -0.0044082793 -0.0218472624 0.0788477709
1569155634.326339000 -0.13545622 -0.509756229 -0.0287782167 0.99628011 -0.00639937438 -0.0227646263 0.0833567714
1569155634.526727000 -0.133741993 -0.543388752 -0.031583486 0.996262022 -0.00492512181 -0.0233194679 0.0835230562
1569155634.727082000 -0.129256529 -0.594246045 -0.0202635705 0.995852294 -0.0157111988 -0.0224391414 0.087239059
1569155634.860668000 -0.126750617 -0.647127628 -0.0246297101 0.995328584 -0.00746914995 -0.0226981313 0.0939838343
1569155635.061010000 -0.122440993 -0.710426378 -0.0289950201 0.994081679 -0.00670778286 -0.0236830221 0.106200529
1569155635.261409000 -0.118624608 -0.761583336 -0.0293813206 0.993008264 -0.0067833268 -0.0233962239 0.11586467
1569155635.461766000 -0.116821028 -0.797376675 -0.0293055902 0.992008716 -0.00796759699 -0.0235284282 0.124038615
1569155635.662123000 -0.11635331 -0.839186596 -0.0277468866 0.990390882 -0.00784078123 -0.0225341564 0.136532945
1569155635.795693000 -0.115569376 -0.876523803 -0.0217967415 0.988697007 -0.00899389993 -0.0216401918 0.148373028
1569155635.996048000 -0.117682683 -0.903146517 -0.0262788629 0.987367873 -0.011351338 -0.0224243991 0.156713925
1569155636.129629000 -0.116574315 -0.927966936 -0.0238935719 0.985915356 -0.0119238254 -0.0222061787 0.165595541
1569155636.330010000 -0.117940205 -0.973751792 -0.00891379518 0.983647816 -0.022597377 -0.0206695572 0.177724777
1569155636.463554000 -0.134705247 -0.953255131 -0.0141988712 0.984601422 -0.0179265741 -0.0207718788 0.172900486
1569155636.530349000 -0.129349935 -0.98410882 -0.0198499697 0.983466207 -0.0155663178 -0.0218819831 0.179334468
1569155636.663934000 -0.149680038 -0.956121204 -0.0228345994 0.985424535 -0.0147347354 -0.0222489663 0.168269113
1569155636.797518000 -0.138215737 -1.0393868 -0.0282378653 0.981839355 -0.00720770555 -0.022081493 0.188521825
1569155636.931104000 -0.148392844 -1.05107741 -0.0333482809 0.981330259 -0.00716862374 -0.0227727628 0.191074448
1569155637.064673000 -0.155564301 -1.07512988 -0.0261206392 0.980535255 -0.00701167091 -0.0214637522 0.195268592
1569155637.265009000 -0.168346693 -1.1091937 -0.0274079763 0.979539663 -0.00587024951 -0.0219918983 0.200182838
1569155637.398626000 -0.174568101 -1.13034746 -0.0282719299 0.97908658 -0.00602649033 -0.0230505971 0.202265166
1569155637.532246000 -0.182961809 -1.13606051 -0.031263425 0.979354644 -0.00584673981 -0.0234112045 0.200928214
1569155637.598991000 -0.18800781 -1.15799321 -0.0241772254 0.979018918 -0.00715067815 -0.0222820663 0.20264417
1569155637.799389000 -0.199123091 -1.18837364 -0.0261082412 0.978653146 -0.0082941425 -0.02259036 0.204327205
1569155637.932915000 -0.208118866 -1.20182419 -0.0252841037 0.978973437 -0.00662628291 -0.021938561 0.202920706
1569155638.066486000 -0.212650651 -1.21852059 -0.0345973762 0.97894596 -0.00559110986 -0.0233727971 0.202924714
1569155638.133354000 -0.221180552 -1.23151298 -0.0239390721 0.979025543 -0.00683981001 -0.0217214463 0.202686761
1569155638.266849000 -0.226163795 -1.23877944 -0.0267613101 0.979157676 -0.00685799271 -0.0220655416 0.202009215
1569155638.333633000 -0.22927612 -1.26024282 -0.0211487445 0.979064346 -0.0095831809 -0.0219243004 0.202366565
1569155638.400433000 -0.232465765 -1.26465193 -0.0254249569 0.97917785 -0.00859261899 -0.0225449846 0.201792591
1569155638.467214000 -0.236875265 -1.27586736 -0.0233761418 0.979264817 -0.00975159537 -0.0224760012 0.201327581
1569155638.667584000 -0.245958799 -1.30118737 -0.023298226 0.979622818 -0.0117608688 -0.0229457256 0.199417036
1569155638.867954000 -0.261258561 -1.3248157 -0.0168426989 0.980661383 -0.0125099198 -0.02169603 0.19434457
1569155639.001527000 -0.271475618 -1.3295857 -0.0169449107 0.981495332 -0.012115205 -0.020783134 0.190215773
1569155639.135145000 -0.279226339 -1.35199162 -0.0150273469 0.98188748 -0.0130600585 -0.0212289815 0.188068227
1569155639.268673000 -0.286843699 -1.37632208 -0.0102827191 0.982265907 -0.0161681702 -0.0210547321 0.185858027
1569155639.402259000 -0.295104786 -1.39069746 -0.0235961135 0.982842435 -0.0131384819 -0.0227772419 0.182823786
1569155639.535827000 -0.304742848 -1.41182049 -0.0234653924 0.98308304 -0.0155674089 -0.0239005501 0.181190367
1569155639.669385000 -0.315668733 -1.42803571 -0.00861167888 0.983465728 -0.0166371604 -0.0212354985 0.17934258
1569155639.802984000 -0.323290052 -1.44165916 -0.00690274029 0.983982697 -0.0163794816 -0.0205669875 0.176590193
1569155639.936536000 -0.329052958 -1.45706746 -0.00998608583 0.984112998 -0.0179238472 -0.0213120405 0.1756241
1569155640.003353000 -0.343612847 -1.44966281 0.00105359253 0.985125355 -0.015105806 -0.017756947 0.170538215
1569155640.136922000 -0.339947114 -1.48053776 -0.0160404164 0.984633185 -0.0171361764 -0.02187692 0.172698547
1569155640.270496000 -0.33957517 -1.49160916 -0.0133081127 0.984511242 -0.0172263055 -0.0218080294 0.173392159
1569155640.337260000 -0.341482843 -1.50366857 -0.00706938848 0.9843881 -0.0208660971 -0.0214862615 0.17373318
1569155640.404093000 -0.345166966 -1.50686756 -0.0108874337 0.984747582 -0.0183836725 -0.0213976611 0.171980642
1569155640.470895000 -0.347381193 -1.50582608 -0.0172404272 0.984899972 -0.0155491491 -0.0213660929 0.171392562
1569155640.604423000 -0.351430956 -1.51827377 -0.00951261635 0.984865085 -0.0183278984 -0.0209988159 0.171364172
1569155640.737992000 -0.358291932 -1.51270442 -0.0127197566 0.985366916 -0.0160147924 -0.0214470707 0.168634264
1569155640.871613000 -0.352001809 -1.52219936 -0.00893992535 0.98498626 -0.0171185004 -0.0210747443 0.170783549
1569155640.938357000 -0.351286168 -1.51540247 -0.00923359609 0.985066212 -0.0193846312 -0.0216250664 0.170011047
1569155641.005169000 -0.359120281 -1.50885012 -0.00739041895 0.985370334 -0.0173403594 -0.0202748675 0.16862963
1569155641.071958000 -0.3478123 -1.51876861 -0.024376864 0.985089101 -0.0149960711 -0.0228018858 0.170168648
1569155641.205521000 -0.35417793 -1.50233249 -0.00752319854 0.985291241 -0.017517498 -0.0201929892 0.169084474
1569155641.272325000 -0.347710603 -1.51020673 -0.0169819959 0.984872194 -0.0153537901 -0.0218526183 0.171513714
1569155641.405884000 -0.345007537 -1.50223349 -0.0110126397 0.984782184 -0.0169593134 -0.0208233591 0.17200854
1569155641.472670000 -0.346313138 -1.49690491 -0.00295436282 0.984722846 -0.0186107817 -0.0196670236 0.172312345
1569155641.606244000 -0.344287077 -1.4944303 -0.0155359199 0.984249956 -0.015895691 -0.021243913 0.175077986
1569155641.673031000 -0.334883074 -1.50462729 -0.0153456958 0.983418451 -0.0176776109 -0.0219150744 0.179443012
1569155641.739822000 -0.344583722 -1.48912378 0.00259595832 0.983577666 -0.0191879813 -0.0188165714 0.178767039
1569155641.806602000 -0.341058064 -1.48749244 -0.0189859216 0.983094116 -0.0148848167 -0.0212711472 0.181539286
1569155641.940240000 -0.341646242 -1.48342125 -0.0171227574 0.982100965 -0.0142141643 -0.0203634188 0.186993423
1569155642.006969000 -0.338642068 -1.48165109 -0.0144970133 0.981445083 -0.0158709774 -0.0203615011 0.190277316
1569155642.140553000 -0.341801256 -1.47244651 -0.0203610764 0.980975649 -0.0133136598 -0.0205341895 0.19285972
1569155642.274133000 -0.335071838 -1.47274867 -0.0221466408 0.980187281 -0.0127904201 -0.0207256972 0.196843722
1569155642.340918000 -0.337256497 -1.46414837 -0.0221921891 0.979726472 -0.0138142528 -0.0205303166 0.199077647
1569155642.407720000 -0.33649675 -1.46577725 -0.0274873681 0.978740686 -0.0131262744 -0.0218077137 0.203781307
1569155642.474498000 -0.338568611 -1.44897617 -0.0205612835 0.978412367 -0.0129376546 -0.0195361195 0.205593006
1569155642.608090000 -0.340394825 -1.45167587 -0.0139001834 0.976161545 -0.0139681932 -0.0190976373 0.216003666
1569155642.741640000 -0.338122349 -1.44119296 -0.0357151871 0.973866299 -0.0111925361 -0.0215709411 0.226060732
1569155642.875198000 -0.3430128 -1.42542543 -0.0360404463 0.972698395 -0.0081427232 -0.0213096026 0.231187571
1569155643.075578000 -0.335519843 -1.43188759 -0.0234129902 0.969364233 -0.0136009549 -0.0199975924 0.244660423
1569155643.142385000 -0.342176874 -1.38289036 -0.0151666345 0.968871287 -0.0147490363 -0.0173320417 0.246743457
1569155643.275995000 -0.346921998 -1.35718029 -0.0387338156 0.966384644 -0.00943833435 -0.0221437332 0.256191182
1569155643.409517000 -0.355917191 -1.32422996 -0.019013876 0.96538164 -0.00947022191 -0.017194646 0.260319432
1569155643.543100000 -0.356588663 -1.27494526 -0.0386054993 0.963678887 -0.00851974584 -0.0211066219 0.266306674
1569155643.676686000 -0.354272627 -1.25270836 -0.0326377579 0.962389146 -0.0117435677 -0.0205571479 0.270852596
1569155643.743464000 -0.352156545 -1.25859009 -0.0306329646 0.960920908 -0.00683662866 -0.0197131682 0.276242998
1569155643.810255000 -0.344035711 -1.25314905 -0.0211574498 0.959907056 -0.0141896844 -0.0186889827 0.279541634
1569155644.010617000 -0.34119609 -1.22548323 -0.0325990651 0.957800848 -0.0117193508 -0.0206296237 0.286655351
1569155644.144257000 -0.342912518 -1.19202052 -0.03794768 0.956099973 -0.0106637942 -0.0213219539 0.292271234
1569155644.344553000 -0.341598917 -1.17074568 -0.02821939 0.953121214 -0.0144932701 -0.0198169738 0.30178965
1569155644.544910000 -0.343750706 -1.13299717 -0.0160439778 0.954656218 -0.0138234954 -0.0171392701 0.297097783
1569155644.678481000 -0.344548356 -1.10412984 -0.0475978009 0.957514231 -0.00577172415 -0.0227590661 0.287639542
1569155644.745282000 -0.346856416 -1.09456827 -0.048649268 0.957631802 -0.00654526195 -0.0228373571 0.287225886
1569155644.878851000 -0.346754361 -1.07341724 -0.0457374046 0.956335992 -0.0106423442 -0.0223992861 0.291427006
1569155645.079209000 -0.350292551 -1.02403263 -0.0518570151 0.958654971 -0.00637175605 -0.0234625278 0.283748711
1569155645.212846000 -0.354692358 -0.987345362 -0.0445673184 0.961313082 -0.00416830774 -0.0215619828 0.274805894
1569155645.279565000 -0.35912603 -0.970209134 -0.0332242955 0.96266582 -0.00210476426 -0.0190000443 0.270245242
1569155645.346378000 -0.355369614 -0.963676969 -0.0442342419 0.963029201 -0.00458575605 -0.0208952931 0.268776183
1569155645.413177000 -0.356367372 -0.950357121 -0.0427526873 0.963805148 -0.00364001536 -0.020386074 0.266035391
1569155645.546718000 -0.355677228 -0.918347828 -0.0417928564 0.965858065 -0.0027910762 -0.0199075215 0.258531982
1569155645.613547000 -0.35677315 -0.911834196 -0.0347711433 0.96659049 -0.00271087924 -0.0182721171 0.255903133
1569155645.813889000 -0.352701414 -0.864042121 -0.019211127 0.969197092 -0.00187453058 -0.0156962248 0.2460331
1569155646.014266000 -0.352318843 -0.793094163 -0.0571303591 0.97287309 -0.002716093 -0.0243008876 0.230316508
1569155646.147933000 -0.350217531 -0.775950566 -0.0559073383 0.97349611 -0.00283752478 -0.0241503293 0.227682776
1569155646.281423000 -0.345735996 -0.74997034 -0.0560658366 0.974637721 -0.00142871586 -0.0239732506 0.222778382
1569155646.548543000 -0.336730547 -0.713071835 -0.0463683918 0.97646053 -0.00190600288 -0.0222827813 0.214826517
1569155646.682138000 -0.334071315 -0.680450226 -0.041295891 0.977877261 -0.000951112472 -0.0209108701 0.208431181
1569155646.815685000 -0.329995985 -0.665352674 -0.0389819024 0.978678161 -0.00103889518 -0.0203199882 0.204696864
1569155646.949272000 -0.325794726 -0.637650376 -0.0413731707 0.980240065 0.000256692728 -0.02074122 0.197041526
1569155647.082844000 -0.320648982 -0.616609692 -0.0419952016 0.981381071 -0.000169587885 -0.0209513559 0.191254975
1569155647.149630000 -0.317020985 -0.60755073 -0.0385837005 0.981998197 -0.00189191925 -0.0203459894 0.188118628
1569155647.283214000 -0.314584803 -0.57773059 -0.037715746 0.98356137 -0.00329084439 -0.0199069378 0.179797055
1569155647.483576000 -0.307565009 -0.540983242 -0.0396857956 0.985779548 -0.000571599762 -0.0206477282 0.167151143
1569155647.617154000 -0.300340869 -0.520421572 -0.0429689697 0.987895737 -0.00476358097 -0.020656382 0.154080471
1569155647.884309000 -0.299039151 -0.422138573 -0.0457278511 0.993037831 -0.00541617163 -0.0223057404 0.11609211
1569155648.084674000 -0.303645871 -0.372896992 -0.049371753 0.996324238 -0.00264380064 -0.0236227061 0.0830780689
1569155648.218235000 -0.30491324 -0.414047165 -0.0475374956 0.997165703 -0.00278048114 -0.0230227455 0.0724690065
1569155648.418600000 -0.312155514 -0.395482194 -0.0431454548 0.998242087 -0.00680924703 -0.0221301199 0.0557313461
1569155648.618957000 -0.319800417 -0.370589988 -0.0482613544 0.998684087 -0.00618456882 -0.0229162742 0.0468665523
1569155648.752553000 -0.32479998 -0.346542163 -0.0510353177 0.999080447 -0.00525674597 -0.0229519011 0.0376065274
1569155648.886108000 -0.334426591 -0.329199499 -0.0454744958 0.999232004 -0.00613168736 -0.0222837312 0.0336474895
1569155649.019693000 -0.345798796 -0.304330385 -0.0411209427 0.999227487 -0.00587153005 -0.0217626375 0.0341797718
1569155649.220067000 -0.361417322 -0.267916404 -0.0486023342 0.999187543 -0.00468066998 -0.0246246481 0.033592453
1569155649.420421000 -0.37750916 -0.225748195 -0.0558245608 0.999140918 -0.00552909703 -0.0275898727 0.0325341204
1569155649.620829000 -0.390120069 -0.215158874 -0.0570547641 0.999063506 -0.00814130763 -0.0289032569 0.0332252107
1569155649.821175000 -0.404374089 -0.195480626 -0.0572028053 0.999010038 -0.00657298404 -0.0286204136 0.0353634895
1569155649.954736000 -0.413041385 -0.178572232 -0.0510598052 0.998997371 -0.00867059579 -0.027099825 0.036468715
1569155650.221896000 -0.431594938 -0.151523797 -0.0673949169 0.998408232 -0.00830990108 -0.0285419 0.0493291933
1569155650.422264000 -0.453837674 -0.109520701 -0.0599513909 0.998998191 -0.0105842364 -0.0293134491 0.0341707544
1569155650.756164000 -0.479044661 -0.104264208 -0.0625707429 0.998714623 -0.00952401689 -0.0281287152 0.0427165774
1569155650.956530000 -0.481551593 -0.100515817 -0.0633405415 0.998742503 -0.00923135426 -0.027738184 0.0423821884
1569155651.023342000 -0.485981429 -0.0915308124 -0.062308529 0.998812815 -0.0103878632 -0.0276370336 0.0404812062
1569155651.090126000 -0.482377921 -0.0935933708 -0.0585490969 0.998833389 -0.00904243663 -0.0266135456 0.0409821475
1569155651.156880000 -0.480157606 -0.0984094808 -0.0658825435 0.998735957 -0.00970673519 -0.028487306 0.0419325035
1569155651.223701000 -0.481677449 -0.0941011042 -0.0612992248 0.998805829 -0.0094908966 -0.0274192444 0.0410209037
1569155651.290491000 -0.481898685 -0.0941763553 -0.0640569989 0.998791149 -0.0086829833 -0.0279513024 0.0412003185
1569155651.424079000 -0.480485777 -0.0952301511 -0.0648165866 0.998777639 -0.00865828852 -0.028256805 0.0413215691
1569155651.490873000 -0.480093728 -0.090591214 -0.0689731742 0.998802938 -0.00864847699 -0.0289242801 0.0402392925
1569155651.557608000 -0.48160931 -0.0904154012 -0.0647258283 0.998814467 -0.00942535809 -0.0281813216 0.0403038627
1569155651.624433000 -0.48076994 -0.0982401261 -0.061696215 0.998769247 -0.00958892108 -0.0273966441 0.0419080182
1569155651.824809000 -0.480980464 -0.0899322433 -0.0615396978 0.998848093 -0.00911781746 -0.0271372875 0.0402722522
1569155651.891586000 -0.480342199 -0.0916407025 -0.0668714188 0.998810384 -0.00861978709 -0.028311651 0.0405056127
1569155651.958369000 -0.480688715 -0.094452124 -0.0620240222 0.998815611 -0.00843626331 -0.0269307589 0.0413497634
1569155652.025159000 -0.481699258 -0.0970023449 -0.065203244 0.998762466 -0.00996612052 -0.0272368015 0.0420904817
1569155652.091949000 -0.478552384 -0.0986751133 -0.0672191232 0.998709118 -0.0107880923 -0.0281331963 0.0425631734
1569155652.158717000 -0.481057246 -0.0904491926 -0.064579968 0.998820932 -0.0101496164 -0.0272736758 0.0406126354
1569155652.225490000 -0.481563489 -0.0938990061 -0.062519354 0.998811025 -0.00957556078 -0.026392659 0.0415641712
1569155652.292308000 -0.477837731 -0.0979492781 -0.0620966556 0.998782186 -0.0107103809 -0.0254343815 0.0425696025
1569155652.359082000 -0.479338369 -0.0991393077 -0.0672603174 0.998739288 -0.0116350871 -0.0252003453 0.043466023
1569155652.425869000 -0.47813501 -0.102042494 -0.0674627716 0.99865827 -0.0132779458 -0.0245570683 0.0451941646
1569155652.559437000 -0.47772823 -0.105258051 -0.0651934948 0.998319042 -0.0176180188 -0.024303549 0.0509849892
1569155652.759802000 -0.476196363 -0.104116574 -0.0557323695 0.998026278 -0.0224866903 -0.0212032162 0.0559502551
1569155653.026971000 -0.463651885 -0.083878026 -0.0493350049 0.99788161 -0.0408412878 -0.0350522905 0.0384475655
1569155653.227344000 -0.445514248 -0.0914051899 -0.0414725213 0.998617281 -0.0370346803 -0.0306229818 0.0244426737
1569155653.427695000 -0.438186063 -0.107188974 -0.0126289703 0.998095269 -0.0401676629 -0.038948942 0.0286260561
1569155653.561280000 -0.440718323 -0.107137636 0.0121092329 0.997554548 -0.038826444 -0.0428806156 0.0410423174
1569155653.828423000 -0.454801988 -0.103771692 0.0457193881 0.998376882 -0.0328436628 -0.0248647994 0.0411381956
1569155653.962025000 -0.458556405 -0.109089091 0.0664314778 0.998266406 -0.0346413469 -0.0151289312 0.0467090544
1569155654.162382000 -0.465714617 -0.104488313 0.099590326 0.998453436 -0.0301098372 -0.00613867266 0.047886433
1569155654.295947000 -0.469247943 -0.104533269 0.110891138 0.998449552 -0.0300931533 -0.00582466494 0.0480230333
1569155654.362731000 -0.469833782 -0.104435306 0.141927876 0.998288157 -0.0337689969 -0.00762988719 0.0486842731
1569155654.563108000 -0.463597903 -0.102199747 0.188700681 0.998510345 -0.029644731 -0.00749259774 0.0468029873
1569155654.763475000 -0.463176476 -0.0969551793 0.236786776 0.998648393 -0.0158826433 -0.0122196303 0.0494931367
1569155655.030610000 -0.45775733 -0.0962132057 0.285576075 0.998487459 -0.0120178073 -0.0196530635 0.051410152
1569155655.297774000 -0.458112423 -0.0972046259 0.33437741 0.998384576 -0.00984180467 -0.0249439228 0.0515916965
1569155655.498140000 -0.461099246 -0.0868830553 0.360611956 0.998599013 0.00044483486 -0.0220395251 0.0496700236
1569155655.564916000 -0.466931776 -0.0894375485 0.380974454 0.998162213 0.0152409704 -0.0278084631 0.0531134874
1569155655.765259000 -0.464779891 -0.121035747 0.329663632 0.995866455 0.0186023878 -0.0605321099 0.0662938914
1569155656.032465000 -0.465201014 -0.0684012709 0.44366124 0.997845617 0.0332937626 -0.0258993691 0.0517754575
1569155656.232838000 -0.469536068 -0.0711803462 0.439677736 0.997299897 0.0139047674 -0.0433798753 0.0589458781
1569155656.433163000 -0.468937467 -0.0626455324 0.496296437 0.997622471 0.0302744822 -0.0326013459 0.0541028624
1569155656.566738000 -0.460662508 -0.0695549482 0.502540607 0.997601901 0.0316412218 -0.0318411942 0.0541604041
1569155656.767078000 -0.448227047 -0.0662866549 0.501452974 0.997000784 0.0331523416 -0.0475125557 0.0528407726
1569155656.900686000 -0.448755399 -0.0667879391 0.518326278 0.997069511 0.0371468882 -0.0453441125 0.0507558268
1569155657.034245000 -0.445655748 -0.0730001612 0.556602285 0.99728466 0.0280757451 -0.0394695298 0.0569006429
1569155657.167837000 -0.452417649 -0.0722667697 0.589752354 0.997962304 0.0204080241 -0.0243888112 0.0567521784
1569155657.234617000 -0.454857588 -0.0679987433 0.599189535 0.998256894 0.023063984 -0.0122812237 0.0544218342
1569155657.301412000 -0.451002624 -0.067701457 0.597075692 0.998320608 0.030453926 -0.00168103605 0.0508612265
1569155657.501775000 -0.446468984 -0.0683496145 0.622856722 0.998374168 0.0310327864 0.00756863873 0.0488861471
1569155657.568551000 -0.44567892 -0.0686110646 0.627623657 0.998417513 0.0279644314 0.0066724381 0.0499805146
1569155657.768907000 -0.449014532 -0.0808951712 0.670891394 0.997684858 0.0358887018 0.0272425261 0.0525189706
1569155657.902489000 -0.445691058 -0.0850872216 0.66911356 0.997247577 0.0456311839 0.0283683683 0.0526706681
1569155657.969281000 -0.450859677 -0.080194021 0.699819516 0.997033856 0.0465245223 0.0370958151 0.0504704367
1569155658.102854000 -0.450278708 -0.0781341648 0.702681436 0.996840514 0.0528359859 0.0375092556 0.0477034951
1569155658.169637000 -0.448947315 -0.0749197707 0.732198052 0.996670307 0.0532867309 0.0435182463 0.0456109968
1569155658.303225000 -0.455256909 -0.0816038732 0.752008043 0.995695653 0.062583466 0.0532267147 0.0447886667
1569155658.370013000 -0.448362702 -0.0822848953 0.753360787 0.995143877 0.068322374 0.0562414549 0.0449851927
1569155658.503594000 -0.447469992 -0.0717568606 0.766017019 0.995187176 0.0698639243 0.0552533775 0.0428468157
1569155658.703955000 -0.439893072 -0.0743957135 0.760078029 0.994988867 0.069678315 0.0609241581 0.0399836017
1569155658.837503000 -0.438739651 -0.0577334838 0.800109535 0.994098632 0.0664759717 0.0816001561 0.0293150532
1569155658.971077000 -0.428715127 -0.0473434918 0.775540253 0.994046391 0.0637146332 0.0865113774 0.0223123052
1569155659.104697000 -0.425918638 -0.0649748346 0.751750538 0.995745779 0.0568178858 0.0698809378 0.0234373481
1569155659.238238000 -0.420864413 -0.0797155919 0.714648573 0.996811721 0.0557348389 0.0518309603 0.0272884135
1569155659.305038000 -0.424253297 -0.0815907291 0.737925763 0.996892577 0.0520718612 0.0524959589 0.0301751461
1569155659.505401000 -0.424063431 -0.0867802485 0.707997194 0.997442382 0.0461954204 0.0426998074 0.0363951648
1569155659.705771000 -0.417815211 -0.0618516484 0.675908284 0.99802099 0.0362082838 0.0337287711 0.0409901769
1569155659.972930000 -0.423969169 -0.0751925988 0.609510674 0.997979622 0.0378371656 0.0253424034 0.0462297688
1569155660.039696000 -0.424692594 -0.073533133 0.60159004 0.997997491 0.0362481007 0.0283077878 0.0453990838
1569155660.240142000 -0.434858475 -0.0870109215 0.56740606 0.99732421 0.0273563759 0.0399490085 0.0563617963
1569155660.507217000 -0.447479014 -0.116562047 0.441277614 0.996382789 0.0219016792 0.0332224268 0.0762609405
1569155660.774388000 -0.452546371 -0.0847225405 0.338045923 0.997065728 0.0152562611 0.0326289243 0.0688645588
1569155661.041536000 -0.454138612 -0.0896552823 0.227091281 0.996915847 -0.0101286021 0.0215531787 0.0759753825
1569155661.308679000 -0.460810229 -0.0819154411 0.145613778 0.996704766 -0.0197472719 0.0110590979 0.0790468503
1569155661.575822000 -0.466132055 -0.0734017363 0.0836294925 0.997038928 -0.00674662878 0.0100396028 0.0771268881
1569155661.776195000 -0.475021235 -0.0853259691 0.0182900727 0.996756287 -0.0135205509 0.00426545297 0.0803581088
1569155662.043352000 -0.488505175 -0.0816394824 -0.0209586194 0.997332749 -0.0134986295 0.0264276146 0.0680364723
1569155662.444075000 -0.482338137 -0.0588111221 -0.0564629816 0.998363952 -0.00707221806 0.0125094157 0.0569745834
1569155662.577646000 -0.483772851 -0.0630810806 -0.0607695141 0.99852142 -0.00442919372 0.00792156401 0.0552785983
1569155662.777992000 -0.485374446 -0.0756246661 -0.0574257754 0.998465511 -0.00349508902 1.3145427e-05 0.0569077861
1569155662.978366000 -0.484736933 -0.0716481338 -0.06145269 0.998538294 -0.00289581074 -0.00236855884 0.0556026439
1569155663.045171000 -0.485107625 -0.0730906879 -0.0619868802 0.998540704 -0.00294262281 -0.00318376037 0.0555182718
1569155663.111975000 -0.482603542 -0.0778232107 -0.062202872 0.998495849 -0.00200148684 -0.0034406767 0.0563492901
1569155663.245531000 -0.485790034 -0.081771239 -0.059663438 0.998456323 -0.00282628696 -0.00310007877 0.0570372388
1569155663.379103000 -0.484772331 -0.077879228 -0.0651253882 0.998505121 -0.00196006059 -0.00425095265 0.0561385721
1569155663.445892000 -0.485344095 -0.0794284657 -0.0651183663 0.99849073 -0.00259477258 -0.00420417169 0.0563742749
1569155663.512678000 -0.485835865 -0.07942442 -0.0531932614 0.998482504 -0.00249206777 -0.00159438108 0.0566651235
1569155663.713066000 -0.485219909 -0.0804479339 -0.0621937979 0.998484638 -0.00254195988 -0.0036986544 0.0565298982
1569155663.913399000 -0.487272694 -0.0791545751 -0.0615703432 0.998496468 -0.00321895159 -0.00361254567 0.0562986704
1569155664.046969000 -0.484140411 -0.0814218646 -0.0646483743 0.998433004 -0.00287298764 -0.00413773462 0.0574001072
1569155664.314150000 -0.484018384 -0.0791797592 -0.0573454931 0.99847725 -0.00306386379 -0.00264393353 0.0567122161
1569155664.514503000 -0.485237255 -0.0744511443 -0.0582115269 0.998539425 -0.00232340775 -0.0028681137 0.0556309252
1569155664.581315000 -0.486000104 -0.0792397551 -0.0674511533 0.998484026 -0.00252365118 -0.00478819773 0.0564838442
1569155664.648066000 -0.484925344 -0.0781637812 -0.0613207074 0.998507824 -0.00267486402 -0.00346697999 0.0561556591
1569155664.714859000 -0.485257229 -0.0789366049 -0.0633878045 0.998503952 -0.00243502818 -0.00395913546 0.0562023639
1569155664.781662000 -0.484902107 -0.0830312227 -0.0621802169 0.998447325 -0.00215150578 -0.0037412463 0.0572313836
1569155664.848425000 -0.483927844 -0.079985318 -0.0634370025 0.998494953 -0.00215953728 -0.00418896767 0.0563644671
1569155664.915222000 -0.4870703 -0.0789065675 -0.0628162022 0.998523633 -0.00227054661 -0.0042737055 0.0558479477
1569155664.982120000 -0.482852679 -0.0770588875 -0.0582793288 0.99856173 -0.00122856467 -0.0033401045 0.0552668486
1569155665.115584000 -0.473910074 -0.0561788512 -0.0778819637 0.998769852 -0.000974526716 -0.0145567282 0.0493832941
1569155665.182398000 -0.473410745 -0.0728954518 -0.0681071603 0.998565176 -0.00115975935 -0.0209514322 0.0511949677
1569155665.249165000 -0.472252816 -0.0756711673 -0.0604169484 0.998548802 -0.000779574776 -0.0183651826 0.0524983147
1569155665.382741000 -0.46119112 -0.0827767415 -0.0607191062 0.998356796 -0.000184051466 -0.0186118631 0.0559610841
1569155665.583112000 -0.447210468 -0.0763604336 -0.0602978311 0.998361711 -0.00133585874 -0.0198332098 0.0554447187
1569155665.716675000 -0.431117115 -0.0516451976 -0.0651670436 0.998835651 -0.000413293078 -0.021185489 0.0455399715
1569155665.917048000 -0.41044928 -0.0335585718 -0.0635543425 0.999212721 -0.00174580452 -0.0216415271 0.0360287379
1569155666.050634000 -0.392510427 -0.0315466162 -0.0652568081 0.999318208 -0.00148139367 -0.0232663589 0.0318641357
1569155666.250993000 -0.352055457 -0.00957779869 -0.0737672202 0.999669286 -0.000585988215 -0.0237225632 0.017151561
1569155666.451357000 -0.305867358 0.00307134894 -0.0606270442 0.999760151 4.42625014e-05 -0.0257758831 0.00339838489
1569155666.718501000 -0.237951973 0.00905582381 -0.0537999493 0.999753539 0.00108750902 -0.0243735668 -0.00974781361
1569155666.985643000 -0.164195657 0.0017032998 -0.0500394741 0.999768609 0.00258162163 -0.0238845236 -0.00913322676
1569155667.252824000 -0.0932882764 -0.00404768606 -0.0491093132 0.999780121 0.00536837359 -0.0243607552 0.00406563224
1569155667.519992000 -0.0265411267 0.00335943318 -0.0457414765 0.999769331 0.00408874996 -0.025385791 -0.000128862764
1569155667.720324000 0.0269902738 0.000790427962 -0.0462937445 0.999724274 0.00227731625 -0.0256028951 -0.00953311989
1569155668.121059000 0.122290104 0.00525475494 -0.0368656935 0.999569034 0.001423366 -0.0226881673 -0.0233588082
1569155668.321417000 0.152963343 -0.00709165859 -0.0390489218 0.999415551 0.0024781921 -0.022351437 -0.029404038
1569155668.655362000 0.180882838 -0.00828476253 -0.035334677 0.999293902 0.00173408983 -0.0214138913 -0.0339520669
1569155668.989294000 0.189735685 -0.0127697468 -0.0404821972 0.999219198 0.00303653723 -0.0228818947 -0.0350904394
1569155669.189634000 0.208301094 -0.0144512656 -0.0399079816 0.999059261 0.00187945208 -0.0234687247 -0.039115099
1569155669.456834000 0.221034249 -0.0190142862 -0.0330406343 0.999137803 0.00281489255 -0.0214750365 -0.0381918525
1569155669.657173000 0.22141432 -0.018856395 -0.037003453 0.999081534 0.00372792963 -0.0228992482 -0.0387546141
1569155669.790729000 0.217728728 -0.0252682829 -0.0360662955 0.999177486 0.00399764769 -0.0223498342 -0.0365074869
1569155669.924324000 0.210323523 -0.0294095308 -0.0372498258 0.999279002 0.0042200386 -0.0226188878 -0.0334047616
1569155670.057887000 0.199272321 -0.0237668604 -0.0369824546 0.999364131 0.00459376419 -0.0224036142 -0.030851896
1569155670.325055000 0.165287668 -0.0205431747 -0.0341112024 0.99975956 0.00296988541 -0.0208287074 -0.0155354621
1569155670.725754000 0.0996869431 -0.0228364184 -0.0394728504 0.999746896 0.00313054627 -0.0209913824 0.01612023
1569155671.059737000 0.0200666187 6.30133799e-05 -0.0366604469 0.99952482 0.00316775653 -0.023848822 -0.0240036622
1569155671.260095000 -0.0364513713 0.00788337328 -0.0428341392 0.997976228 0.00648051426 -0.0262744053 -0.0593062072
1569155671.460457000 -0.0996784125 -0.0631470589 -0.0444060145 0.997783952 0.00245386666 -0.0272838014 -0.0623234042
1569155671.660826000 -0.164163254 -0.106180935 -0.0502932727 0.998596301 0.00474134296 -0.0272287411 -0.0474316541
1569155671.861186000 -0.233943823 -0.106358614 -0.0449974204 0.999325024 0.0013382109 -0.0268348514 -0.0289211969
1569155672.128325000 -0.325947126 -0.124172822 -0.0577374864 0.999626867 -0.0034748123 -0.0297823976 -0.00746224765
1569155672.328690000 -0.396697746 -0.120779956 -0.054943526 0.999734745 -0.00325351923 -0.0270053089 0.000190977111
1569155672.529053000 -0.463009748 -0.128332292 -0.0679795809 0.999641201 -0.00352017253 -0.0301328373 0.0026348647
1569155672.662634000 -0.499940506 -0.129815644 -0.0595328623 0.999754774 -0.00090259195 -0.026176384 0.00382436245
1569155672.863005000 -0.542870241 -0.139401739 -0.0641342835 0.999785158 0.000282005427 -0.0246536396 0.00571227725
1569155672.996581000 -0.576404322 -0.135108269 -0.0461591361 0.99988047 0.000480831319 -0.0206973375 0.00478394082
1569155673.196934000 -0.616394999 -0.145735205 -0.0499738046 0.999873237 0.00128920328 -0.019883395 0.00833599688
1569155673.330513000 -0.643156709 -0.134564174 -0.0517497726 0.999884866 0.000659909574 -0.0193638865 0.0082606324
1569155673.597648000 -0.687351501 -0.149873182 -0.0415825302 0.999896774 -0.00149279696 -0.016645726 0.011895834
1569155673.798023000 -0.724488579 -0.146336256 -0.0487202342 0.999844928 -0.0043725083 -0.0176206253 0.0139992673
1569155673.998375000 -0.764669436 -0.163958923 -0.0526428268 0.999740963 -0.00456358237 -0.0178875315 0.0198254432
1569155674.065161000 -0.78012982 -0.140448246 -0.0713349122 0.999695945 -0.00211500098 -0.0212875644 0.0191627312
1569155674.399112000 -0.852519758 -0.167742975 -0.0579965411 0.999622358 -0.00265880303 -0.0192317439 0.0243949279
1569155674.465892000 -0.866416804 -0.163198534 -0.0542247152 0.99965829 -0.00174763209 -0.0188255744 0.0233059042
1569155674.666266000 -0.909685561 -0.141736267 -0.0638169934 0.999762429 -0.00257474828 -0.0208994694 0.0157905461
1569155674.733070000 -0.929739254 -0.146605386 -0.0519558992 0.999830888 -0.00421029175 -0.018642103 0.0138372345
1569155674.866654000 -0.956345744 -0.165185289 -0.0674173917 0.999781514 -0.00170872399 -0.0220266377 0.012984012
1569155675.000212000 -0.98776475 -0.166766629 -0.0616741896 0.999824034 -0.00204048905 -0.0214305168 0.0104637743
1569155675.133798000 -1.01779708 -0.156582904 -0.0607486832 0.999858464 -0.00120555753 -0.0208381713 0.00833181063
1569155675.267444000 -1.04550717 -0.152235998 -0.0608027013 0.999843395 -0.00335952973 -0.0209242831 0.00927755308
1569155675.334151000 -1.05562906 -0.15463213 -0.0711540396 0.999825917 -0.000714718478 -0.0216000572 0.0101842861
1569155675.467741000 -1.07749921 -0.166087553 -0.0829326118 0.999713812 -0.00583882894 -0.024113511 0.0134050597
1569155675.534513000 -1.08297572 -0.162246825 -0.080305099 0.999750654 -0.00190862949 -0.0233382989 0.0132008523
1569155675.601324000 -1.09035764 -0.161614344 -0.0612532156 0.99982064 -0.00227129902 -0.0200033258 0.013356467
1569155675.668124000 -1.0967562 -0.159768807 -0.0631273794 0.999799048 -0.00132878911 -0.0205285087 0.0142912832
1569155675.801677000 -1.10558556 -0.154670563 -0.0791097963 0.999757658 -0.000842626012 -0.0229282486 0.0135639524
1569155675.868464000 -1.10957471 -0.144174405 -0.0639229233 0.999827121 -0.00151031883 -0.0206451822 0.011995469
1569155675.935244000 -1.11073486 -0.149768332 -0.0704296888 0.999796464 -0.00122934581 -0.0218457863 0.0124690196
1569155676.002048000 -1.11652225 -0.157511214 -0.0675187625 0.999777357 -0.00209065415 -0.021578834 0.0142225735
1569155676.135606000 -1.11106948 -0.15128069 -0.101705708 0.999675947 -0.00264337212 -0.0265753735 0.0127284112
1569155676.202415000 -1.11118544 -0.157605889 -0.0724017016 0.999782482 -0.000640796952 -0.0219129926 0.0134953262
1569155676.269189000 -1.10792104 -0.157140569 -0.0833531496 0.999755523 0.000366712594 -0.0230771789 0.0136164252
1569155676.402760000 -1.11034093 -0.155357923 -0.0519511465 0.999864481 -0.00204104273 -0.0181405349 0.0129498541
1569155676.469564000 -1.10958322 -0.150110759 -0.0789305438 0.999778362 -0.00182764239 -0.0228080629 0.0122448342
1569155676.603141000 -1.10240453 -0.168491503 -0.0638224789 0.999811798 -0.00229453941 -0.0199627194 0.0142731589
1569155676.669905000 -1.09824858 -0.160297066 -0.0870669222 0.999754592 -0.00415499426 -0.0235854721 0.0122034823
1569155676.736775000 -1.09025564 -0.16046158 -0.0599287845 0.999847993 -0.00325818298 -0.019388807 0.0122162276
1569155676.870278000 -1.06984483 -0.153375983 -0.0615162747 0.99987244 -0.00323669313 -0.0196567796 0.00952657974
1569155677.003866000 -1.04797123 -0.154071559 -0.0670447706 0.999870066 -0.0040100843 -0.0206443224 0.0070970704
1569155677.070632000 -1.02753076 -0.150235885 -0.0607167643 0.99991018 -0.00289819649 -0.0200541607 0.00191662528
1569155677.137457000 -1.01482677 -0.154159293 -0.0752424208 0.999852099 -0.00366188055 -0.0227335256 0.000739321277
1569155677.204231000 -0.998059252 -0.153432466 -0.0621531524 0.9999152 -0.00121911326 -0.019892012 -0.00292448888
1569155677.271030000 -0.981339014 -0.158530488 -0.0580275282 0.999925814 -0.00261449523 -0.0192679239 -0.0027202487
1569155677.471375000 -0.938823008 -0.142290402 -0.0588821156 0.999915689 -0.000574281909 -0.0187389649 -0.00741191951
1569155677.604965000 -0.902484919 -0.14360428 -0.0696321336 0.999869175 -0.000763997895 -0.0212412484 -0.00699071589
1569155677.805308000 -0.850057093 -0.108994491 -0.0548848577 0.999904796 -0.000700644375 -0.0177635598 -0.0106831725
1569155677.938869000 -0.811771819 -0.105984161 -0.055895364 0.999920928 -0.000647732748 -0.0183139241 -0.00795427505
1569155678.072462000 -0.775354636 -0.0812933361 -0.0487792381 0.999901357 -0.00376106221 -0.0186562682 -0.00874766624
1569155678.339604000 -0.700908974 -0.069707757 -0.0483649637 0.999942701 -0.00139992263 -0.0186020468 -0.00307129707
1569155678.606755000 -0.622406403 -0.0391847971 -0.0474231077 0.999759572 0.000130655118 -0.0190767602 -0.0190091027
1569155678.807156000 -0.57142378 -0.0114032804 -0.0389121876 0.999479424 0.000383696467 -0.0187728614 -0.0305476883
1569155678.940741000 -0.535139501 -0.0269041049 -0.0416615617 0.999446261 -0.00108742075 -0.0196153542 -0.0310876078
1569155679.007468000 -0.52115987 -0.0270279408 -0.0424839693 0.999388868 -0.000788375537 -0.0202726427 -0.0324951827
1569155679.141068000 -0.492186703 -0.0280093524 -0.0408425641 0.999311962 -0.00319611438 -0.0211160562 -0.0341394557
1569155679.274640000 -0.465595113 -0.01884098 -0.0376904185 0.999138779 -0.00482134292 -0.0218773996 -0.0382869442
1569155679.341425000 -0.444934705 -0.0517379975 -0.0549252161 0.999314031 -0.000807190099 -0.0248522518 -0.0316215073
1569155679.541807000 -0.402425309 -0.0524430927 -0.0589073829 0.999218722 -0.0025792088 -0.0282155077 -0.0317213722
1569155679.675360000 -0.385838677 -0.0619223836 -0.0520205493 0.999357027 -0.00229470524 -0.0264096817 -0.0288236787
1569155679.742180000 -0.372288976 -0.0654508824 -0.0628293637 0.999362938 -0.00207015846 -0.0277303414 -0.0273617694
1569155679.875718000 -0.354905207 -0.0591380423 -0.0517584883 0.999425223 -0.00118119279 -0.0235008624 -0.0290540146
1569155680.009304000 -0.341703728 -0.0630518143 -0.0556509884 0.999395209 -0.00238165971 -0.0264263666 -0.0274578515
1569155680.076100000 -0.3385776 -0.0606839016 -0.0533004056 0.999380345 -0.00207679155 -0.0263170232 -0.028129492
1569155680.142899000 -0.337077098 -0.0598707909 -0.0547236504 0.999349794 -0.00345775361 -0.0267941091 -0.0286254686
1569155680.343253000 -0.341514584 -0.0586224198 -0.0473258926 0.999374661 -0.00320344715 -0.0252985346 -0.0291459598
1569155680.543604000 -0.342701335 -0.0579776555 -0.0514207203 0.999356833 -0.00281430755 -0.0259746813 -0.0292117297
1569155680.677172000 -0.344858913 -0.0572109351 -0.0568692286 0.999340842 -0.00257561305 -0.0269078198 -0.0289340229
1569155680.877529000 -0.34904307 -0.0555010716 -0.0584904481 0.999324314 -0.00165662373 -0.0270163726 -0.0294678356
1569155680.944342000 -0.351259516 -0.060737736 -0.051362349 0.999395075 -0.00270644263 -0.0253638536 -0.0284560396
1569155681.144736000 -0.355273089 -0.060139759 -0.0579435402 0.999369211 -0.002759266 -0.0264044666 -0.0284147049
1569155681.211484000 -0.355483855 -0.0601547517 -0.0578296162 0.999374292 -0.0025906149 -0.0262667528 -0.0283792471
1569155681.278279000 -0.35521652 -0.0595074982 -0.054004485 0.999407289 -0.00339738354 -0.0250611317 -0.0282421936
1569155681.478650000 -0.356929082 -0.0568332665 -0.0544738136 0.999400474 -0.00188982789 -0.0245181761 -0.0290935545
1569155681.612231000 -0.353837485 -0.0610688505 -0.0632988046 0.999381367 -0.00137301013 -0.0265456544 -0.0279952774
1569155681.879372000 -0.357348164 -0.0572341879 -0.0557535254 0.999391898 -0.00236230299 -0.0251587633 -0.028822056
1569155682.012951000 -0.359146265 -0.0512549817 -0.054151265 0.999373024 -0.00209425813 -0.0245891702 -0.0299820781
1569155682.213318000 -0.358429319 -0.0573561326 -0.0528638346 0.999400752 -0.00224264511 -0.0244484736 -0.0291516132
1569155682.280099000 -0.355943825 -0.0627566542 -0.0582282156 0.999418444 -0.0020739127 -0.0254164582 -0.0277014678
1569155682.346901000 -0.357556859 -0.0565958811 -0.0575486182 0.999380688 -0.00181341468 -0.0251674684 -0.0292600893
1569155682.480450000 -0.355936903 -0.0563734235 -0.0613314523 0.999363492 -0.00172407189 -0.0259147693 -0.0292011916
1569155682.547268000 -0.357727859 -0.0560403329 -0.0581361738 0.999380457 -0.00212702618 -0.025263553 -0.0291729513
1569155682.614041000 -0.357246016 -0.0546046289 -0.0565588786 0.999375709 -0.00254280177 -0.0250011133 -0.0295362658
1569155682.680834000 -0.355856183 -0.0591694932 -0.0625014905 0.999367786 -0.00201703753 -0.0263165439 -0.0286886031
1569155682.747606000 -0.35679201 -0.0523153551 -0.0465608608 0.999409846 -0.002899215 -0.0229491085 -0.0300064743
1569155682.814419000 -0.35799273 -0.0570279817 -0.0544645361 0.999398875 -0.00265761562 -0.0246157687 -0.0290514046
