1569155607.076897000 -0.287451432 -0.0225951563 -0.0579399982 0.999618877 -0.00569428142 -0.0268886385 -0.00258393382
1569155607.143709000 -0.28316383 -0.0103698172 -0.0592183644 0.999610263 -0.00542816007 -0.0269996159 -0.00471066971
1569155607.277261000 -0.281806412 -0.0117055509 -0.0557538155 0.99962681 -0.00613025476 -0.0263628087 -0.00396579042
1569155607.477616000 -0.281286406 -0.017799298 -0.062405558 0.99959675 -0.00544253332 -0.027740429 -0.00325056948
1569155607.611227000 -0.282481054 -0.0106281155 -0.0593087246 0.999601745 -0.00692469167 -0.0269675152 -0.00501068907
1569155607.811562000 -0.283854158 -0.0102755415 -0.0565778394 0.999636392 -0.00483670149 -0.0263586461 -0.00380178426
1569155607.945138000 -0.280903633 -0.0182010579 -0.0478685437 0.999690357 -0.00531984628 -0.0242523373 -0.00322200119
1569155608.078714000 -0.282372471 -0.0158365592 -0.055433064 0.999632426 -0.00475620535 -0.0265738733 -0.0038043939
1569155608.212329000 -0.280950069 -0.020301989 -0.0605772049 0.999604664 -0.00506021216 -0.0276835179 -0.00277127485
1569155608.412669000 -0.277562367 -0.025396807 -0.0706416686 0.999527396 -0.00610634509 -0.0302788025 -0.000784760919
1569155608.546264000 -0.28113127 -0.0171061002 -0.0533715438 0.999644721 -0.00675195595 -0.0257390838 -0.00358457962
1569155608.679811000 -0.28207192 -0.0131140994 -0.0504625397 0.999649528 -0.00697380042 -0.0253312968 -0.00462036073
1569155608.880174000 -0.281055673 -0.0106054643 -0.0517198894 0.999649495 -0.00689059795 -0.0254093159 -0.00441404777
1569155609.013749000 -0.284581547 -0.0169652152 -0.0486524629 0.999676499 -0.0045790118 -0.0249498996 -0.00397499927
1569155609.214107000 -0.280980629 -0.015142106 -0.0527018556 0.999661225 -0.00301609035 -0.0257281836 -0.0044246709
1569155609.347669000 -0.281634172 -0.0216942684 -0.0576429547 0.999628078 -0.00475258724 -0.0269930194 -0.00254543725
1569155609.548051000 -0.280988734 -0.0186232649 -0.0550665002 0.999650525 -0.0041908833 -0.0262024572 -0.00316492698
1569155609.681641000 -0.281050379 -0.015014319 -0.0578542981 0.999626132 -0.00453947671 -0.0269207616 -0.00427218492
1569155609.881994000 -0.282625516 -0.0149389218 -0.0558189402 0.999633777 -0.00474442161 -0.0266139397 -0.00437295618
1569155610.082368000 -0.278138756 -0.0184514924 -0.0613565153 0.999597384 -0.00653363076 -0.0277051916 -0.00353412549
1569155610.215923000 -0.280542699 -0.0204459123 -0.0593165664 0.999619699 -0.00609307578 -0.0270981175 -0.00281805397
1569155610.349522000 -0.281520648 -0.0131609327 -0.0534175306 0.999631469 -0.0077273306 -0.0260690508 -0.00403386957
1569155610.483089000 -0.282175171 -0.00833600657 -0.0571729736 0.999622127 -0.00606583338 -0.0266571257 -0.00532833878
1569155610.616683000 -0.282258914 -0.0165964502 -0.049047896 0.999680468 -0.00696387413 -0.0244472404 -0.00372985496
1569155610.750258000 -0.28127567 -0.0197434385 -0.0547293226 0.999637492 -0.00579697894 -0.0265649896 -0.00279236367
1569155610.883817000 -0.281995947 -0.0185111703 -0.0525756131 0.99965064 -0.00604883675 -0.0259309471 -0.00348950764
1569155611.017395000 -0.282114318 -0.0145405914 -0.05548724 0.999626457 -0.00602922299 -0.0267233008 -0.00446391724
1569155611.150939000 -0.281906694 -0.00829509499 -0.0571794239 0.999617536 -0.00554774858 -0.0269763951 -0.00551216361
1569155611.284547000 -0.281328454 -0.00627155586 -0.0438835064 0.999676849 -0.00525132491 -0.0245903533 -0.00619189884
1569155611.418100000 -0.281672249 -0.00337114834 -0.0455844472 0.999679289 -0.00296020677 -0.0243381628 -0.00808004501
1569155611.551703000 -0.281833541 -0.0155756035 -0.0512366015 0.999628567 -0.00814568549 -0.0258439598 -0.00585654118
1569155611.685267000 -0.279452221 -0.0226273651 -0.0636038823 0.999504823 -0.00902247372 -0.0294208483 -0.00836903781
1569155611.818834000 -0.281855837 -0.00955058923 -0.0398169379 0.999588949 -0.00674236912 -0.0231448342 -0.0163675026
1569155611.952419000 -0.278379835 -0.0228958235 -0.069833105 0.999446641 -0.00837117291 -0.0301403519 -0.0125158425
1569155612.085998000 -0.281584935 -0.00807227329 -0.0580328959 0.999543155 -0.0100679407 -0.026653599 -0.0114917149
1569155612.219567000 -0.283152776 0.000248622463 -0.0628481696 0.999608857 -0.00596671976 -0.0275729156 -0.00419014629
1569155612.353165000 -0.281467895 0.0136725081 -0.0497555124 0.999685239 -0.00606435569 -0.0247118712 0.00384053471
1569155612.486717000 -0.280756837 0.0182397765 -0.0601168215 0.999600939 -0.00392365196 -0.0276828061 0.00704024484
1569155612.620305000 -0.282719164 0.0426686217 -0.0501227949 0.999627855 -0.00444445058 -0.0266361394 -0.00703133318
1569155612.753868000 -0.279347532 0.0325042995 -0.0475024123 0.999522069 -0.00697155433 -0.0264670534 -0.0155473741
1569155612.887441000 -0.282407957 0.0534193054 -0.0582976338 0.999458101 -0.00594822407 -0.0289496134 -0.015694713
1569155613.021039000 -0.283608318 0.0665544365 -0.0587269535 0.999491391 -0.00541156844 -0.0291338748 -0.0132638949
1569155613.154594000 -0.28304919 0.078353917 -0.0574039841 0.999392449 -0.00466799998 -0.0293844432 -0.0191774076
1569155613.288161000 -0.284078484 0.0932993428 -0.0459672322 0.999278591 -0.00580643946 -0.0272713582 -0.0265246654
1569155613.421750000 -0.286658726 0.105953949 -0.0536162686 0.998950521 -0.00319344442 -0.0295008686 -0.035454615
1569155613.555324000 -0.291061443 0.130348871 -0.0499816669 0.998571119 -0.00223609144 -0.0299756165 -0.0446429879
1569155613.688902000 -0.288706329 0.135228567 -0.0480623308 0.998731794 0.000130765019 -0.0270958554 -0.0429187215
1569155613.822486000 -0.288728721 0.152444651 -0.0663232668 0.998944927 -3.31690233e-05 -0.0313353314 -0.0341888792
1569155613.956041000 -0.294301485 0.195345374 -0.0557856604 0.999182335 0.00107112789 -0.0281544052 -0.0297237291
1569155614.089625000 -0.294663343 0.206184083 -0.0545401677 0.999101022 -0.00214741485 -0.0292130259 -0.0313517088
1569155614.223219000 -0.303847866 0.201851733 -0.0737475425 0.998814425 -0.00472708893 -0.0343312684 -0.034834501
1569155614.356800000 -0.305316755 0.234122975 -0.0765812717 0.998184201 -0.00783638966 -0.0344894964 -0.0492184158
1569155614.490365000 -0.305832851 0.23201608 -0.0712230865 0.997564013 -0.00414928627 -0.0334639382 -0.0614373121
1569155614.623938000 -0.304211691 0.262025216 -0.0589751567 0.995359657 -0.00105509372 -0.0314368895 -0.0911887169
1569155614.757511000 -0.302593013 0.258062198 -0.0763404042 0.99395245 0.00313588136 -0.0363825632 -0.103781723
1569155614.891084000 -0.301053419 0.2848533 -0.0463847395 0.992819089 0.0056563797 -0.0289799304 -0.116123364
1569155615.024655000 -0.295499263 0.29940337 -0.0382739841 0.992458153 0.00812806665 -0.0273551763 -0.11941104
1569155615.158224000 -0.295239978 0.310692121 -0.0267370082 0.993890969 0.00773898196 -0.0247437995 -0.10749829
1569155615.291817000 -0.295973629 0.32656072 -0.0555083788 0.995034397 0.00534287205 -0.0317762095 -0.0944245092
1569155615.425379000 -0.298045578 0.348195173 -0.0461191706 0.996083708 0.00356601667 -0.0274265221 -0.0842598254
1569155615.558950000 -0.297931633 0.376505302 -0.0490186039 0.995973776 0.0102703899 -0.0284624369 -0.0846663382
1569155615.692542000 -0.299478533 0.392855214 -0.0464614481 0.996289665 0.0132592849 -0.0280704219 -0.0805695804
1569155615.826100000 -0.303078088 0.417729153 -0.0519871556 0.996740287 0.00969564607 -0.0288795787 -0.0750312996
1569155615.959671000 -0.299162788 0.447112414 -0.0380885376 0.996556521 0.0163202829 -0.0257642126 -0.0774252768
1569155616.093267000 -0.294761201 0.471558202 -0.0472524558 0.995588842 0.0170540477 -0.0282508991 -0.0881175823
1569155616.226834000 -0.288866156 0.490820463 -0.0264865158 0.994764876 0.023222146 -0.0236333151 -0.0969373388
1569155616.360436000 -0.279334706 0.508853594 -0.0327379275 0.99507109 0.0195728319 -0.0241699762 -0.0944348851
1569155616.494021000 -0.273003812 0.528882206 -0.0144037197 0.995568238 0.0201578394 -0.0194457447 -0.0900619883
1569155616.627561000 -0.265652966 0.566303058 -0.0180306255 0.995075234 0.0183403646 -0.0218961808 -0.0951938811
1569155616.761144000 -0.266980594 0.601604433 -0.0116727285 0.993828612 0.0257216139 -0.0215071354 -0.105990436
1569155616.894702000 -0.257949452 0.63097758 -0.0094777791 0.992102465 0.0288519564 -0.0212592758 -0.12042748
1569155617.028272000 -0.261099374 0.641174858 -0.0162834825 0.991706072 0.0292154397 -0.02224704 -0.123390581
1569155617.161885000 -0.259065054 0.669163511 -0.0130165384 0.991481827 0.0272583719 -0.021309374 -0.125785834
1569155617.295429000 -0.264451942 0.695212165 0.0109417967 0.990171352 0.0291628649 -0.0158626354 -0.136066227
1569155617.429020000 -0.26195575 0.733380612 0.00609313751 0.987076779 0.0358632283 -0.0157488223 -0.155568429
1569155617.562596000 -0.264626371 0.728941249 0.000722376444 0.987658025 0.0330327705 -0.0152386801 -0.152531826
1569155617.696166000 -0.270342825 0.746563614 0.00826019007 0.988537289 0.028866212 -0.0135723928 -0.147765851
1569155617.829718000 -0.263596229 0.755651993 -0.00660952869 0.98885611 0.027502196 -0.0186992285 -0.14531688
1569155617.963305000 -0.253174045 0.789146466 0.022744845 0.985693252 0.033463702 -0.010680031 -0.165029896
1569155618.096890000 -0.247726937 0.761020871 -0.0137734507 0.986585801 0.0323305668 -0.0189416858 -0.159077026
1569155618.230484000 -0.237247658 0.771492924 -0.0201689111 0.98822288 0.0287069892 -0.020518397 -0.149107355
1569155618.364048000 -0.225961671 0.833133071 -0.010401109 0.98754861 0.0255336945 -0.0183654304 -0.154347399
1569155618.497618000 -0.213988573 0.822020524 -0.000241360325 0.987518785 0.0277976071 -0.0163670014 -0.154377426
1569155618.631228000 -0.208511321 0.847039156 0.00904650225 0.984398881 0.0239163783 -0.0136621947 -0.173974203
1569155618.764795000 -0.205711148 0.841286305 -0.0286504613 0.980466279 0.0282318804 -0.0241259446 -0.193324986
1569155618.898369000 -0.201278539 0.845905429 -0.000469179858 0.978780806 0.0239596203 -0.0164152982 -0.203011145
1569155619.031928000 -0.198519797 0.849531254 -0.00886759314 0.982053967 0.0259703164 -0.0170776354 -0.186207557
1569155619.165482000 -0.195868819 0.870121699 0.0139332326 0.984345386 0.0227530896 -0.0126806421 -0.174517882
1569155619.299061000 -0.191128663 0.898902168 -0.0207810578 0.984396824 0.0287899541 -0.0226707173 -0.172313019
1569155619.432670000 -0.184060919 0.900991051 -0.0400165883 0.984555048 0.028761096 -0.0268584038 -0.170807332
1569155619.566221000 -0.18064781 0.932806813 -0.0197261641 0.984236069 0.0267970098 -0.0216445042 -0.173682989
1569155619.699791000 -0.173570685 1.01507977 -0.048609489 0.982101566 0.0291651458 -0.0309486016 -0.183692619
1569155619.833383000 -0.213304112 0.904124963 -0.00273489173 0.988016649 0.0344580837 -0.019792333 -0.149398575
1569155619.966970000 -0.189616535 0.982634952 -0.0320032647 0.985760388 0.0373371254 -0.0266975506 -0.162005839
1569155620.100532000 -0.206556773 0.971043645 -0.0647648971 0.987106445 0.0416988654 -0.0361784881 -0.150500035
1569155620.234105000 -0.209205128 0.987595832 -0.0675302525 0.98696487 0.0492904492 -0.037931625 -0.148694291
1569155620.367688000 -0.217264964 0.996554876 -0.0330645123 0.988143266 0.0467303829 -0.0274573228 -0.143918422
1569155620.501272000 -0.201315316 1.06916088 -0.0470304865 0.986676917 0.0332800146 -0.0300478988 -0.156640065
1569155620.634861000 -0.216673051 1.06360906 -0.0457570226 0.986707953 0.0408450473 -0.0317456692 -0.154304186
1569155620.768403000 -0.207887342 1.10610815 0.0266804811 0.98573742 0.0331527121 -0.00962138355 -0.164951634
1569155620.901989000 -0.208350336 1.12909362 -0.0246012714 0.984166512 0.0430914331 -0.0264196201 -0.170118751
1569155621.035573000 -0.229302335 1.16465289 0.0121644149 0.984439561 0.0320928869 -0.0156227731 -0.172292845
1569155621.169169000 -0.247795058 1.11168035 -0.0100009345 0.987181052 0.0392690497 -0.0217341439 -0.153423178
1569155621.302732000 -0.215027587 1.18974483 -0.0166066972 0.984741808 0.0407437035 -0.024615453 -0.167625544
1569155621.436273000 -0.270574612 1.0872168 -0.104323199 0.987492114 0.0628885358 -0.0484919149 -0.13650894
1569155621.569869000 -0.23835514 1.17083472 -0.0621728892 0.985952696 0.0528675681 -0.0354541716 -0.154685447
1569155621.703469000 -0.256554383 1.14055321 -0.0655269058 0.986152821 0.0617866249 -0.0409387035 -0.148634138
1569155621.837018000 -0.235957135 1.202625 -0.0309186183 0.984584623 0.0453515881 -0.02797024 -0.166849691
1569155621.970600000 -0.224683374 1.21613754 -0.0333798545 0.983938486 0.0440214705 -0.0283855594 -0.170900858
1569155622.104179000 -0.223848086 1.23681377 -0.0430891352 0.984122643 0.0433432413 -0.0310474033 -0.169547816
1569155622.237732000 -0.225729618 1.2656991 -0.0323504177 0.983473805 0.045970053 -0.0292990812 -0.172901855
1569155622.371415000 -0.234201714 1.27547009 -0.0405953336 0.983214209 0.0415880973 -0.0308718787 -0.175202717
1569155622.504898000 -0.251052396 1.28186265 -0.0115085275 0.98182953 0.0504009392 -0.0255098999 -0.181409752
1569155622.638450000 -0.232938421 1.33081442 -0.0341347299 0.978207754 0.0452685478 -0.0308113728 -0.200504943
1569155622.772062000 -0.240927864 1.34205406 -0.0145399203 0.977422077 0.0433926083 -0.0248358832 -0.205518913
1569155622.905599000 -0.288327411 1.3039779 -0.0323196544 0.97917623 0.0509302474 -0.0312061271 -0.194262973
1569155623.039255000 -0.266074495 1.35144091 -0.0153488161 0.977029784 0.0486372318 -0.0264918086 -0.206005103
1569155623.172805000 -0.273831251 1.36656614 -0.0353913918 0.975494944 0.0510464665 -0.0333867696 -0.211619723
1569155623.306352000 -0.256448316 1.41308398 -0.0130161714 0.971956836 0.0499867891 -0.0268740584 -0.228414461
1569155623.439936000 -0.278079914 1.38627553 0.029818638 0.973326254 0.0511483058 -0.0158030554 -0.223303101
1569155623.573508000 -0.278924509 1.46141153 -0.0918543109 0.970585384 0.0488351622 -0.0490587389 -0.230798631
1569155623.707078000 -0.274379335 1.44197464 -0.0228528752 0.97329806 0.0513726941 -0.0292210929 -0.222023881
1569155623.840644000 -0.311702301 1.40808964 -0.0223806827 0.976755734 0.0484809092 -0.0298767811 -0.206887804
1569155623.974220000 -0.271963358 1.47987569 -0.0210740935 0.973914579 0.0507538544 -0.0308145692 -0.219233002
1569155624.108050000 -0.290697527 1.47594699 -0.0177257669 0.975925966 0.050131581 -0.0304863418 -0.210295691
1569155624.241392000 -0.270477953 1.52296785 -0.00521688433 0.974791298 0.0475464265 -0.0266039875 -0.216594141
1569155624.374962000 -0.265024916 1.53874453 -0.0046231201 0.974732069 0.0472678283 -0.0272844546 -0.216837964
1569155624.508532000 -0.278073416 1.53847454 -0.0261408224 0.976387197 0.0520864614 -0.0338241194 -0.20715186
1569155624.642124000 -0.272465852 1.55118769 -0.0004811386 0.977680256 0.0482773484 -0.0263435626 -0.203021465
1569155624.775692000 -0.277205343 1.58058448 0.0067513856 0.977992768 0.0490235199 -0.0270546065 -0.201238298
1569155624.909261000 -0.278473103 1.56874949 -0.00390039669 0.978712651 0.048364843 -0.0293763747 -0.197538763
1569155625.042837000 -0.260517645 1.59264631 0.00275382087 0.977577289 0.049658829 -0.0275191091 -0.20303488
1569155625.176395000 -0.274818121 1.56430862 -0.00213665828 0.979651096 0.0529323943 -0.0291105832 -0.191673595
1569155625.309968000 -0.27166454 1.56398313 -0.0171555624 0.981576917 0.0475442563 -0.0324613723 -0.182474943
1569155625.443572000 -0.260850079 1.5945386 -0.0112748213 0.981797718 0.0439394959 -0.0309502936 -0.182455958
1569155625.577129000 -0.265293472 1.54028804 -0.0144884091 0.98298109 0.0481096524 -0.032311654 -0.174627141
1569155625.710715000 -0.267859296 1.51002875 -0.020287989 0.982494334 0.0476820622 -0.0325148962 -0.177424622
1569155625.844308000 -0.27031886 1.47374938 0.00240081514 0.981912653 0.0541474035 -0.0281167966 -0.179531195
1569155625.977857000 -0.269165642 1.44105496 -0.0253057979 0.981651336 0.0541993034 -0.0344613302 -0.179838499
1569155626.111455000 -0.261175005 1.42487968 -0.0241385633 0.981201926 0.0465675951 -0.0323190506 -0.184759451
1569155626.245039000 -0.265979432 1.38626529 -0.0370202907 0.982121408 0.0487327675 -0.0347694894 -0.178775998
1569155626.378595000 -0.26845324 1.35067153 -0.0343630418 0.983373434 0.0486983853 -0.0332415148 -0.172068691
1569155626.512192000 -0.271229621 1.33024992 -0.0360843489 0.983484613 0.0459278526 -0.0331377119 -0.172216459
1569155626.645750000 -0.272880913 1.2909858 -0.0397334052 0.983278909 0.0526847497 -0.0333383135 -0.171421818
1569155626.779324000 -0.269336084 1.26217501 -0.0762924886 0.983999099 0.0497900697 -0.041141227 -0.16638595
1569155626.912908000 -0.269705193 1.23863356 -0.0523413456 0.985516929 0.0526853866 -0.0356625919 -0.157540506
1569155627.046490000 -0.26934426 1.20379585 -0.0272326145 0.987367793 0.0499657802 -0.0288074666 -0.147948251
1569155627.180044000 -0.241900848 1.19097791 -0.029150783 0.987368609 0.0472407171 -0.0284515768 -0.148909117
1569155627.313629000 -0.237668528 1.15287177 -0.0280406017 0.986587016 0.0528476777 -0.0291691896 -0.152040252
1569155627.447179000 -0.223713036 1.11274917 -0.038224927 0.986122522 0.0475626364 -0.0300085122 -0.156567367
1569155627.580819000 -0.207008282 1.08469688 -0.046303459 0.985807928 0.0476789644 -0.0313659176 -0.158241459
1569155627.714361000 -0.196147566 1.04680764 -0.0503873763 0.987428304 0.0437857332 -0.0315818548 -0.148947135
1569155627.847924000 -0.181428576 1.02666715 -0.0368419056 0.987789738 0.05175549 -0.0286813265 -0.144516972
1569155627.981508000 -0.174225235 1.01144437 -0.0490801272 0.988064169 0.046575378 -0.0319748162 -0.143712911
1569155628.115080000 -0.176924282 0.936309887 -0.0556952024 0.989476574 0.0405441071 -0.032029116 -0.135582906
1569155628.248658000 -0.178133321 0.900114117 -0.0803454906 0.990051538 0.0364061437 -0.0388476713 -0.130690699
1569155628.382264000 -0.162467556 0.869954233 -0.0763357668 0.991475007 0.0304059987 -0.0373493522 -0.121551346
1569155628.515799000 -0.158947722 0.826569441 -0.081931369 0.992325114 0.0328127637 -0.0386623808 -0.113299446
1569155628.649380000 -0.155301249 0.785149271 -0.0853146618 0.992394586 0.0338940053 -0.0400610604 -0.111881095
1569155628.782973000 -0.156837216 0.762306185 -0.0791525336 0.99223077 0.026202604 -0.039168397 -0.115656363
1569155628.916539000 -0.154771348 0.692611506 -0.100906796 0.992423897 0.0310573705 -0.0444636107 -0.110783295
1569155629.050137000 -0.14272083 0.707849032 -0.0976381408 0.99034153 0.0336165929 -0.0439105698 -0.127614397
1569155629.183694000 -0.141760915 0.672481207 -0.0904687395 0.989746573 0.0352533696 -0.0416088863 -0.132469697
1569155629.317265000 -0.137435006 0.643841366 -0.101826386 0.989037525 0.032201583 -0.0443619905 -0.137551191
1569155629.450840000 -0.136029665 0.619853497 -0.0964809924 0.98939307 0.0331480009 -0.0433169134 -0.135080477
1569155629.584409000 -0.14153757 0.481966067 -0.107842419 0.993675348 0.0212898088 -0.0446770953 -0.101392746
1569155629.718012000 -0.132200144 0.46066408 -0.118037214 0.993426862 0.0164027816 -0.0476396864 -0.103375403
1569155629.851644000 -0.133092502 0.426356207 -0.116688756 0.992968305 0.0205171736 -0.0473661764 -0.107103943
1569155629.985153000 -0.13037574 0.367165073 -0.124905943 0.993993252 0.0214552896 -0.0492749295 -0.0959734669
1569155630.118729000 -0.124419517 0.321703379 -0.121901911 0.995617639 0.0198359285 -0.0495337353 -0.0775916855
1569155630.252305000 -0.124922193 0.289836943 -0.121700778 0.996611808 0.0175158516 -0.0499551481 -0.0639191291
1569155630.385872000 -0.12133753 0.264684375 -0.136004305 0.996662092 0.0188238463 -0.0546102565 -0.0587406167
1569155630.519428000 -0.119822078 0.21880416 -0.139811597 0.997030469 0.0208888157 -0.055758792 -0.0500748617
1569155630.653027000 -0.113718296 0.190686574 -0.158998091 0.996927496 0.0193545723 -0.0607634652 -0.0468164647
1569155630.786591000 -0.110748613 0.180299639 -0.174799079 0.996980935 0.0178583321 -0.0644991328 -0.0409000582
1569155630.920169000 -0.0996355829 0.135082816 -0.181393742 0.997476797 0.0140450234 -0.067181645 -0.0212947213
1569155631.053831000 -0.0975653957 0.116736174 -0.168341126 0.997837048 0.0125393057 -0.0653681828 -0.0039375482
1569155631.187335000 -0.0905527936 0.0788530224 -0.181581432 0.997441864 0.0116968044 -0.069832941 0.0148683668
1569155631.320914000 -0.0889990551 0.0484199757 -0.171838495 0.997381586 0.012123585 -0.0682997594 0.0233158293
1569155631.454483000 -0.0819773991 0.0108106385 -0.183774717 0.996891422 0.0165298099 -0.0718186635 0.0300357085
1569155631.588046000 -0.0761538568 -0.0249182476 -0.180051674 0.996891797 0.0122697169 -0.0703231306 0.0351862544
1569155631.721657000 -0.0731167606 -0.0464836264 -0.183994257 0.996975501 0.01257857 -0.0694857385 0.0343744285
1569155631.855213000 -0.0725610734 -0.063202339 -0.191169339 0.996688905 0.00885278654 -0.0735545145 0.0353663578
1569155631.988818000 -0.0708535943 -0.0686497105 -0.157740379 0.996972028 0.00712030152 -0.0638953134 0.0451788266
1569155632.122367000 -0.0591487571 -0.0925213317 -0.160840392 0.996393553 0.00738298551 -0.0628891349 0.057615845
1569155632.255984000 -0.0646455374 -0.0810192912 -0.158830341 0.996819492 0.0128534809 -0.0626150544 0.0489381898
1569155632.389515000 -0.0634688614 -0.0767176866 -0.163622954 0.997459938 0.0101522615 -0.0619359201 0.035563168
1569155632.523098000 -0.0511638405 -0.122799885 -0.178379729 0.997341252 0.0123751178 -0.0645592206 0.0334641864
1569155632.656647000 -0.0417070322 -0.143970123 -0.174509463 0.997445501 0.0128720425 -0.0630772753 0.0330051632
1569155632.790251000 -0.0273109702 -0.184958312 -0.188440622 0.996796287 0.0101649734 -0.0676283586 0.0430338599
1569155632.923825000 -0.0301265481 -0.202126958 -0.166942076 0.99695901 0.0106209473 -0.0614448979 0.0481418795
1569155633.057449000 -0.0186989733 -0.252808906 -0.187488424 0.996002842 0.0110952363 -0.0667094186 0.0594895533
1569155633.190976000 -0.0142958561 -0.2863613 -0.18539274 0.995924006 0.0117224453 -0.0652222185 0.0622818818
1569155633.324546000 -0.0135396599 -0.314010654 -0.171916865 0.996035926 0.0152170243 -0.0618042716 0.0632236431
1569155633.458103000 -0.0137716117 -0.332539703 -0.174305584 0.995906545 0.0150416372 -0.0615242506 0.0655386296
1569155633.591699000 -0.00800084828 -0.381446604 -0.174046927 0.995151573 0.01650095 -0.0601984436 0.0769088336
1569155633.725270000 -0.0177629043 -0.401649476 -0.147273374 0.994933335 0.0119105271 -0.0543051563 0.0845850879
1569155633.858840000 -0.00865676368 -0.443771869 -0.17345442 0.993412612 0.0161628329 -0.0594228401 0.0973548071
1569155633.992435000 0.00242272791 -0.467338005 -0.174072828 0.992738048 0.0163942549 -0.0596691798 0.103837078
1569155634.125980000 0.00325065372 -0.501736543 -0.169633834 0.992312812 0.0159872153 -0.058349947 0.108609293
1569155634.259547000 0.00815357117 -0.535211744 -0.178644773 0.991777974 0.0137179024 -0.0608765547 0.112354323
1569155634.393154000 0.0123041731 -0.575615205 -0.17717884 0.991227833 0.014870978 -0.0607286409 0.117049187
1569155634.526727000 0.00377172423 -0.608700822 -0.176592404 0.991162989 0.0148315197 -0.0602407876 0.117855679
1569155634.660309000 0.025485306 -0.651091204 -0.179693968 0.990428752 0.0143359941 -0.060806702 0.123660496
1569155634.793879000 0.0208524332 -0.676881878 -0.159795401 0.990797649 0.0102058638 -0.0568298347 0.123010933
1569155634.927426000 0.00807369378 -0.720605292 -0.136363392 0.990394308 0.00978880361 -0.0521783352 0.128248948
1569155635.061010000 0.00724974499 -0.756484648 -0.120461269 0.989815982 0.00154081204 -0.0477428533 0.134650628
1569155635.194615000 0.0149362836 -0.78167465 -0.112144883 0.989162766 -0.000708022245 -0.0460448238 0.13994485
1569155635.328169000 0.0182497608 -0.807911662 -0.112365665 0.988308285 -0.000313693858 -0.0457650738 0.14595322
1569155635.461766000 0.0244381013 -0.839756203 -0.11987246 0.986946314 0.00056890786 -0.047759645 0.154292627
1569155635.595325000 0.0206824183 -0.857939158 -0.104220704 0.985980661 -0.00140884639 -0.0436263677 0.161518625
1569155635.728880000 0.0288817188 -0.914745363 -0.132275572 0.98297711 0.00600375515 -0.0484090524 0.177564301
1569155635.862495000 0.0290639952 -0.903207386 -0.126365232 0.982895688 0.000576906987 -0.0468772319 0.178525469
1569155635.996048000 0.0244749135 -0.923268469 -0.116125787 0.981760005 -0.0023254968 -0.0449798457 0.18512775
1569155636.129629000 0.0252883224 -0.934873857 -0.129483213 0.980239854 -0.0023741159 -0.0489462326 0.192047368
1569155636.263214000 0.0251860045 -0.970818055 -0.134963609 0.977974763 -0.00485537287 -0.0508255045 0.202763123
1569155636.396809000 0.0242215202 -1.00156383 -0.12544273 0.977104312 -0.00270659033 -0.0481829653 0.207588959
1569155636.530349000 0.00765771229 -1.00170325 -0.13278705 0.977221925 -0.0012041047 -0.0493399788 0.20677645
1569155636.663934000 0.00410105816 -1.01394897 -0.119371745 0.977378641 -0.0101231655 -0.0470136055 0.206335429
1569155636.797518000 0.00399136427 -1.06585841 -0.134698671 0.975559321 -0.00148551923 -0.0490187982 0.214558796
1569155636.931104000 0.00408088604 -1.07401166 -0.132927552 0.974614643 -0.00554059868 -0.0491781807 0.218710724
1569155637.064673000 -0.00378956297 -1.09057813 -0.152733303 0.973951091 0.00476704208 -0.0518732842 0.221051511
1569155637.198249000 -0.0118092737 -1.13483725 -0.137150835 0.972557494 0.00545388057 -0.0488662823 0.227757919
1569155637.331824000 -0.015677681 -1.15864677 -0.147757529 0.971793775 0.00441385343 -0.051172641 0.230519643
1569155637.465374000 -0.0208470834 -1.17510558 -0.144600088 0.971429768 -0.000124453097 -0.0516931037 0.231974961
1569155637.598991000 -0.0329924305 -1.17687493 -0.142435952 0.97218297 -0.00295363213 -0.0512530202 0.228876962
1569155637.732556000 -0.0381091249 -1.192615 -0.144705553 0.972083679 0.00213417213 -0.0502998051 0.229518496
1569155637.866112000 -0.0485746771 -1.20624091 -0.142413716 0.972472587 0.000261098169 -0.049742361 0.227998144
1569155637.999694000 -0.0528294577 -1.2344483 -0.135558793 0.972146416 -0.000893570839 -0.048889045 0.229566177
1569155638.133354000 -0.0646353349 -1.25413475 -0.129014755 0.972333013 -0.00258921749 -0.0471930545 0.229118376
1569155638.266849000 -0.0590479356 -1.29961454 -0.164830559 0.971264928 0.00519577971 -0.0526492051 0.232393391
1569155638.400433000 -0.0674056302 -1.29136906 -0.158618944 0.972082242 -0.00031207467 -0.0535319782 0.2288056
1569155638.534000000 -0.0764758319 -1.32128647 -0.162559963 0.971584773 0.00176412335 -0.0532889516 0.230958013
1569155638.667584000 -0.0860760381 -1.31763815 -0.133486295 0.973228886 -0.0054602359 -0.0483168492 0.224995112
1569155638.801208000 -0.105690431 -1.31555203 -0.155848233 0.974772119 -0.00163702721 -0.0508031722 0.21771078
1569155638.934740000 -0.0917284955 -1.36507065 -0.148859987 0.973640122 -0.00205187368 -0.0489707944 0.22312715
1569155639.068290000 -0.0924184542 -1.37167553 -0.149315447 0.974396134 -0.00518108742 -0.0502469741 0.219463035
1569155639.201885000 -0.0986289945 -1.40627056 -0.160978933 0.974326427 -0.000621035607 -0.0508608444 0.219691571
1569155639.335463000 -0.107012656 -1.42090839 -0.142067117 0.975374449 -0.00560463216 -0.0489187224 0.215369372
1569155639.469067000 -0.11504202 -1.43932509 -0.149893207 0.97573904 -0.00210490294 -0.0495032077 0.213641278
1569155639.602616000 -0.122884642 -1.43619644 -0.139260754 0.976734522 -0.0120404207 -0.0495791212 0.208689309
1569155639.736171000 -0.127734056 -1.47049271 -0.153032635 0.976762699 -0.00757367684 -0.0502406657 0.208608798
1569155639.869806000 -0.131521519 -1.49881013 -0.135802842 0.976792849 -0.0137283465 -0.0486209447 0.208536583
1569155640.003353000 -0.140130442 -1.51063037 -0.131987774 0.977041755 -0.0113654071 -0.0477752019 0.207706455
1569155640.136922000 -0.138101541 -1.52399011 -0.161314536 0.977181937 -0.00773493179 -0.0524396637 0.206084057
1569155640.270496000 -0.134541099 -1.54648597 -0.177235325 0.976596157 -0.00727337913 -0.0558744815 0.20796682
1569155640.404093000 -0.144335788 -1.55134998 -0.154524139 0.977396931 -0.0103825209 -0.0512618776 0.205244041
1569155640.537635000 -0.168849653 -1.52231799 -0.143846165 0.979382201 -0.00843248312 -0.0476039948 0.196567733
1569155640.671285000 -0.148440852 -1.55181966 -0.164599878 0.978099509 -0.010826275 -0.053421188 0.20128791
1569155640.804826000 -0.159614198 -1.54923241 -0.159130267 0.978508303 -0.0073816946 -0.0505574725 0.200194882
1569155640.938357000 -0.148718417 -1.56322892 -0.180871096 0.977837666 0.000329046648 -0.0534835245 0.202830332
1569155641.071958000 -0.148637847 -1.55639094 -0.175615018 0.97794749 -0.000996648201 -0.0517949646 0.202737904
1569155641.205521000 -0.158740661 -1.53477472 -0.151279946 0.978598164 -0.00814542086 -0.0500948745 0.199844435
1569155641.339067000 -0.154998672 -1.53851146 -0.141263134 0.978334348 -0.00728292977 -0.0469443392 0.20192385
1569155641.472670000 -0.15320159 -1.52943492 -0.156464825 0.978198906 -0.00336214909 -0.0488721261 0.202226366
1569155641.606244000 -0.152880047 -1.51854957 -0.164731122 0.977844984 -0.00228810875 -0.0496564692 0.20375705
1569155641.739822000 -0.155480763 -1.51166224 -0.149629312 0.977386183 -0.000260899364 -0.0468925865 0.20660853
1569155641.873404000 -0.157698115 -1.50982759 -0.154995766 0.976004214 -0.00162463672 -0.0470426421 0.213004718
1569155642.006969000 -0.154435103 -1.50132253 -0.163746461 0.974841097 0.00583684627 -0.0473336938 0.218132334
1569155642.140553000 -0.149638611 -1.49914789 -0.190355493 0.973665942 0.00737148535 -0.0520699415 0.222218913
1569155642.274133000 -0.157336418 -1.47175183 -0.154333026 0.973870507 -0.000341505458 -0.0464029672 0.222699249
1569155642.407720000 -0.152154162 -1.48018104 -0.181359519 0.971539425 0.0104421316 -0.0492615738 0.231835175
1569155642.541281000 -0.158481523 -1.45786429 -0.160749531 0.970481472 -0.00150967487 -0.0471957309 0.236872688
1569155642.674855000 -0.147551042 -1.47557024 -0.175111441 0.966270302 0.00328300869 -0.0486660744 0.253210559
1569155642.808442000 -0.161824935 -1.43314524 -0.166524547 0.965434958 0.00256187995 -0.0477001629 0.256567421
1569155642.942234000 -0.165549758 -1.41716826 -0.162191863 0.964668365 -0.00221568028 -0.0485200289 0.259287984
1569155643.075578000 -0.168015159 -1.41261359 -0.154443173 0.962037602 -0.00418325689 -0.0470058353 0.269131461
1569155643.209362000 -0.173525911 -1.3704844 -0.162070924 0.959511862 -0.0049439903 -0.0479214677 0.277834183
1569155643.342735000 -0.187819441 -1.31973325 -0.150781297 0.958465704 -0.00717088431 -0.0461244393 0.28167576
1569155643.476309000 -0.181287552 -1.30251916 -0.157200684 0.955461611 -0.00197843533 -0.0466543262 0.291701494
1569155643.609894000 -0.180960476 -1.29571069 -0.134560645 0.952780407 -0.00419669493 -0.042783126 0.300897842
1569155643.743464000 -0.178151547 -1.28561595 -0.153871342 0.950579513 -0.00505146908 -0.0466228847 0.307210237
1569155643.877044000 -0.192360754 -1.23060111 -0.119264187 0.952180848 -0.00198891005 -0.0385978507 0.303375803
1569155644.010617000 -0.18701196 -1.21681422 -0.190201969 0.949667114 -0.00486068602 -0.0557094756 0.308520488
1569155644.144257000 -0.180872211 -1.20996084 -0.167326953 0.94625718 -0.0010218939 -0.0489458002 0.319970225
1569155644.277755000 -0.188064194 -1.18487509 -0.137525868 0.944672056 -0.00230724701 -0.0429341692 0.325465255
1569155644.411360000 -0.187491094 -1.14800598 -0.104201541 0.945080374 -0.00615774667 -0.0349811748 0.325183478
1569155644.544910000 -0.19635019 -1.10763076 -0.152083523 0.947592998 -0.00538801673 -0.0461538864 0.316373427
1569155644.678481000 -0.20293189 -1.07176979 -0.14478466 0.950907168 -0.00203889818 -0.04458203 0.306542406
1569155644.812309000 -0.20716374 -1.03447931 -0.130399707 0.951961777 0.00169216844 -0.0406841832 0.303801411
1569155644.945624000 -0.214290391 -1.00936263 -0.152066102 0.951520614 -0.00347230869 -0.0456761778 0.304459796
1569155645.079209000 -0.213642079 -0.987451458 -0.15191854 0.953213919 -0.00439714767 -0.0466935963 0.298947329
1569155645.212846000 -0.207527336 -1.00092213 -0.134110213 0.953378279 -0.00356063247 -0.0419989605 0.29913212
1569155645.346378000 -0.215225458 -0.938820528 -0.150891529 0.956964143 -0.000751263094 -0.0457866229 0.28689536
1569155645.479923000 -0.218740955 -0.910508021 -0.138095111 0.959115423 -0.000319730047 -0.0426305701 0.280119817
1569155645.613547000 -0.221139649 -0.878431852 -0.13388772 0.961372707 0.00235017344 -0.0414697811 0.272443702
1569155645.747101000 -0.215549834 -0.833708837 -0.14354473 0.963829082 0.00119922849 -0.0438679685 0.263242855
1569155645.880686000 -0.211678253 -0.803447531 -0.161937336 0.965453625 0.0057850504 -0.0481136884 0.256398712
1569155646.014266000 -0.203572681 -0.79578887 -0.129440871 0.966331997 0.00548045348 -0.0403630752 0.254426084
1569155646.147933000 -0.206950333 -0.763826265 -0.127873585 0.968061041 0.00128917443 -0.0400834975 0.2478693
1569155646.281423000 -0.203983195 -0.732893303 -0.126099171 0.969685326 0.00363946198 -0.0393301277 0.2415369
1569155646.414976000 -0.189859442 -0.792997535 -0.125608009 0.966576528 0.00343897681 -0.040442128 0.253522456
1569155646.548543000 -0.194962016 -0.698281638 -0.119073654 0.971533394 0.0036252158 -0.0385019499 0.234133631
1569155646.682138000 -0.179538307 -0.72828613 -0.145708121 0.969928255 0.00565569617 -0.0456243798 0.23941089
1569155646.815685000 -0.190553781 -0.641501519 -0.205045581 0.973935554 0.00025839222 -0.0600068262 0.219181636
1569155646.949272000 -0.191383447 -0.61432157 -0.198080472 0.975662061 0.003558445 -0.0582861871 0.211816533
1569155647.082844000 -0.161620541 -0.719965903 -0.138718676 0.972174145 0.00599924791 -0.0442355409 0.230387699
1569155647.216423000 -0.166766781 -0.634574665 -0.142427264 0.976381743 0.00448564742 -0.0464880858 0.211404245
1569155647.349984000 -0.177307307 -0.59501104 -0.170941778 0.97879246 0.00189148214 -0.0531479609 0.19832104
1569155647.483576000 -0.175708814 -0.519013654 -0.197363747 0.982312425 0.00227702165 -0.0599371889 0.177928114
1569155647.617154000 -0.166153091 -0.474018964 -0.195739414 0.984611203 -0.000538508853 -0.0603507463 0.164597037
1569155647.750729000 -0.169524708 -0.434920205 -0.203989116 0.987150559 0.00521668373 -0.0623649109 0.147686566
1569155647.884309000 -0.163324689 -0.415577183 -0.194751591 0.989778332 0.00277185247 -0.06114113 0.129565177
1569155648.017885000 -0.165529201 -0.402292958 -0.206020735 0.992019417 0.00393624184 -0.0638920914 0.109517378
1569155648.151459000 -0.168570193 -0.392270777 -0.199399747 0.994073871 0.00195230963 -0.0632804729 0.0894605019
1569155648.285032000 -0.174755958 -0.36947538 -0.196681681 0.995484175 0.00303711174 -0.0615575602 0.0735389068
1569155648.418600000 -0.177068743 -0.329654688 -0.202397798 0.996376632 0.00532267728 -0.0624548502 0.0591717009
1569155648.552203000 -0.175849381 -0.320493286 -0.211348968 0.996473474 0.00580085884 -0.0645069369 0.0551670613
1569155648.685763000 -0.18494445 -0.30401427 -0.196178551 0.997136407 0.00492851131 -0.0607196426 0.0469753567
1569155648.819332000 -0.194281245 -0.288996201 -0.188564739 0.997457356 0.00172583492 -0.0597816962 0.0412516623
1569155648.952912000 -0.203964023 -0.255137213 -0.199892283 0.997463066 0.0045905769 -0.0621445477 0.0372124247
1569155649.086468000 -0.216566303 -0.217797656 -0.199449762 0.997571269 0.0044266286 -0.0620947201 0.034305774
1569155649.220067000 -0.226219906 -0.19869249 -0.196598436 0.997495801 0.00406420167 -0.0624369242 0.0358967052
1569155649.353649000 -0.238515853 -0.176255216 -0.192628828 0.997542086 0.00308864915 -0.0621025385 0.0352826148
1569155649.487220000 -0.247521185 -0.146585471 -0.191563414 0.99754088 0.00349426942 -0.0626519538 0.0342988089
1569155649.620829000 -0.255541143 -0.130512717 -0.211313146 0.997162082 0.00214944398 -0.0685640921 0.0341366708
1569155649.754377000 -0.268610215 -0.113200788 -0.194804821 0.997348922 0.00183635304 -0.0649158838 0.0357877464
1569155649.887930000 -0.275814017 -0.0876767571 -0.19705904 0.99736332 0.00297955611 -0.0646668605 0.0357926433
1569155650.021526000 -0.287765642 -0.0637674048 -0.19736618 0.997392741 0.00206143083 -0.0644467745 0.0354330585
1569155650.155099000 -0.296298655 -0.0276452852 -0.175879105 0.997783931 0.00353464734 -0.0569953987 0.037053662
1569155650.288660000 -0.304472429 -0.0217913015 -0.200096326 0.997282807 0.00412343625 -0.0642157877 0.0386510055
1569155650.422264000 -0.314995273 -0.00652353986 -0.202879145 0.997463759 -0.00116164662 -0.0656562632 0.0310150129
1569155650.555819000 -0.331178289 -0.00193785176 -0.193221347 0.997734815 0.000158800326 -0.0628527552 0.0279903278
1569155650.689385000 -0.343472519 0.0178645149 -0.197119636 0.997622529 0.00382191737 -0.0624139981 0.0323793349
1569155650.822977000 -0.34716209 0.0230270025 -0.192876694 0.997683462 0.00214511375 -0.0606093515 0.0340655077
1569155650.956530000 -0.344540333 0.014423162 -0.209302881 0.997420596 0.00424704521 -0.0633993691 0.0364089101
1569155651.090126000 -0.345046028 0.00683214815 -0.20915564 0.997309553 0.00213052221 -0.0643379001 0.0379659981
1569155651.223701000 -0.344602619 0.0169089591 -0.184910196 0.997728405 0.00470493823 -0.0590152686 0.0352854372
1569155651.357278000 -0.344396443 0.016491846 -0.20163229 0.997534619 0.00509136537 -0.0620494073 0.0355256028
1569155651.490873000 -0.343247492 0.0200492626 -0.200871497 0.997522041 0.00396998965 -0.0627023474 0.0348789456
1569155651.624433000 -0.341986066 0.0130028673 -0.207560691 0.99740884 0.00689810053 -0.0636244779 0.0359844959
1569155651.758009000 -0.344817808 0.0184092988 -0.195974253 0.997565296 0.00373598206 -0.0620375712 0.0348948382
1569155651.891586000 -0.344362684 0.0187798907 -0.194811057 0.997688134 0.00277776169 -0.0605207309 0.0341318344
1569155652.025159000 -0.342100011 0.0401111537 -0.202174436 0.997707433 3.19315871e-05 -0.0610081886 0.0327993548
1569155652.158717000 -0.345500246 0.0287499016 -0.198017334 0.997696865 0.00213497601 -0.0605029598 0.0339867807
1569155652.292308000 -0.340163748 0.0127774655 -0.203962387 0.997575619 0.00236218071 -0.0602371732 0.0378009696
1569155652.425869000 -0.339616693 0.00773022906 -0.205202137 0.997554921 -0.000811189914 -0.0591204909 0.0401165378
1569155652.559437000 -0.340957625 0.00845336676 -0.207487279 0.997360749 -0.00416957448 -0.0590769334 0.0445551094
1569155652.693038000 -0.338960904 -0.00321663942 -0.207168393 0.997190594 -0.0028352533 -0.0579238265 0.0496976156
1569155652.826611000 -0.333054234 -0.010040103 -0.207087569 0.996637091 -0.0157839782 -0.060121976 0.0554445488
1569155652.960169000 -0.334642924 0.0212356423 -0.184922762 0.996524871 -0.0331344234 -0.0651346664 0.0426889493
1569155653.093848000 -0.317647424 0.0325424555 -0.188658018 0.997127842 -0.0242955356 -0.0689126061 0.0249268786
1569155653.227344000 -0.314120158 0.0129596362 -0.182812608 0.997483778 -0.0226476933 -0.0660757489 0.0193012536
1569155653.360945000 -0.304468748 0.00796603981 -0.159486165 0.997202987 -0.0239346461 -0.0704007921 0.0168373201
1569155653.494484000 -0.307297583 0.00415344351 -0.127118491 0.996735153 -0.0269143569 -0.0727521054 0.0270075614
1569155653.628093000 -0.314584524 -0.0136159322 -0.120948501 0.996008996 -0.0237750117 -0.0781241117 0.0390555714
1569155653.761668000 -0.323566567 0.0159268883 -0.103797141 0.997090146 -0.0209529757 -0.0673473979 0.0326421435
1569155653.895260000 -0.330668624 -0.00329922775 -0.0834173405 0.997826837 -0.0196056672 -0.0513885143 0.0393217495
1569155654.028825000 -0.335423248 -0.00361216312 -0.0695704244 0.997761815 -0.0222355928 -0.0487289927 0.0428137627
1569155654.162382000 -0.335451475 -0.00989439629 -0.0646245219 0.998013372 -0.0119950589 -0.0457673036 0.0442924762
1569155654.295947000 -0.356823993 -0.000299555942 -0.0372899101 0.998203628 -0.0136603464 -0.0432821929 0.0419692693
1569155654.429528000 -0.36938169 -0.0171592917 -0.0154276882 0.99771806 -0.00991940101 -0.0517503187 0.044878982
1569155654.563108000 -0.369881711 0.0280212565 0.0282165933 0.998122986 -0.0188287481 -0.0469312436 0.0377610565
1569155654.696676000 -0.349048915 -0.00671166171 0.0321340894 0.997656498 -0.000500203312 -0.0545464853 0.044029814
1569155654.830260000 -0.379702627 -0.0136060063 0.0989024217 0.997482002 0.00505565224 -0.0549605568 0.0470889855
1569155654.963852000 -0.380296433 -0.0157463789 0.124446828 0.997234217 0.0106121692 -0.0587563309 0.0468321442
1569155655.097398000 -0.37696322 0.0036625528 0.150494594 0.997590673 0.00717429804 -0.0540026404 0.0456032455
1569155655.230982000 -0.377900589 0.00352658306 0.150330442 0.997040666 0.00643078506 -0.0644011953 0.0442307425
1569155655.364558000 -0.379543475 -0.00503225568 0.18271392 0.997134312 0.0105943618 -0.0605845137 0.046661316
1569155655.498140000 -0.388758298 0.0206688449 0.217913682 0.997227984 0.0262026694 -0.0577754355 0.041812081
1569155655.631721000 -0.379360352 -0.0906939768 0.278531005 0.994635986 0.0390782023 -0.0695152945 0.0676554143
1569155655.765259000 -0.42390927 0.0259049514 0.284669198 0.994530126 0.0337192773 -0.0845490889 0.0535144485
1569155655.898865000 -0.425933229 0.0928772884 0.324925785 0.996173967 0.0402496426 -0.0681325612 0.0401899436
1569155656.032465000 -0.422438801 0.132066859 0.326047498 0.997109108 0.0416457208 -0.0574531551 0.0312924484
1569155656.165987000 -0.387376435 0.381788396 0.466639168 0.999015619 0.0204027963 -0.0416066516 -0.00785553147
1569155656.299607000 -0.383146508 0.372984962 0.479666338 0.999092182 0.0142873482 -0.0427326037 -0.00527278938
1569155656.433163000 -0.379419201 0.380864615 0.506570235 0.999204063 0.0226724466 -0.0348820634 -0.0101917917
1569155656.566738000 -0.359845613 0.41992712 0.500210747 0.99917831 0.0181563179 -0.0356948149 -0.0168283185
1569155656.700316000 -0.364909628 0.389895177 0.53416155 0.998824005 0.0222228042 -0.0436626929 -0.0139438126
1569155656.833889000 -0.36490859 0.38498347 0.550183983 0.998549026 0.0229804073 -0.0488910527 -0.0150228846
1569155656.967445000 -0.375334484 0.398319134 0.59238387 0.999043732 0.0227302601 -0.0377755557 -0.0146023313
1569155657.101102000 -0.364997737 0.416620769 0.59288729 0.999332245 0.0112041953 -0.0349980497 -0.0151890209
1569155657.234617000 -0.3651895 0.410032496 0.589910206 0.999778096 0.0136919623 -0.01515434 -0.0165556124
1569155657.368200000 -0.36274743 0.385687875 0.598883312 0.999664138 0.0249888543 0.0016788049 -0.0171387167
1569155657.501775000 -0.349446415 0.372549974 0.642213776 0.999482777 0.0298046084 0.00870644293 -0.0179258318
1569155657.635343000 -0.364451761 0.381624682 0.623966075 0.999628028 0.0251651499 0.00594802501 -0.0180862177
1569155657.768907000 -0.351391095 0.394606196 0.672783799 0.998909724 0.0357491187 0.0271662998 -0.0203885311
1569155657.902489000 -0.349970931 0.388208005 0.667592384 0.998556399 0.0460089019 0.0248850724 -0.0200676198
1569155658.036278000 -0.36945577 0.366295933 0.72447137 0.997939233 0.050017777 0.0385112892 -0.0196647842
1569155658.169637000 -0.369913595 0.375378493 0.737113928 0.997577659 0.0538825112 0.0412819894 -0.022068075
1569155658.303225000 -0.357053023 0.391554931 0.756492184 0.99637498 0.0644078712 0.050582464 -0.0280448545
1569155658.437128000 -0.33912453 0.408072506 0.77631898 0.99613018 0.0631377217 0.0561158553 -0.0291044537
1569155658.570405000 -0.342531584 0.397599317 0.776477423 0.995918909 0.0699533381 0.0510619346 -0.0300541209
1569155658.703955000 -0.334585967 0.398578658 0.759414057 0.995542385 0.0689444331 0.0571599819 -0.0336719936
1569155658.837503000 -0.332973026 0.401601278 0.771581854 0.994135788 0.0667396356 0.0754053588 -0.0425987761
1569155658.971077000 -0.32066344 0.41315698 0.766432976 0.993542869 0.0631793657 0.0822835424 -0.048706247
1569155659.104697000 -0.318561259 0.40068536 0.770212645 0.994551312 0.0616023407 0.069902619 -0.0494836269
1569155659.238238000 -0.314681749 0.39924797 0.76081317 0.996146608 0.0523790934 0.0552129304 -0.0465024585
1569155659.371834000 -0.310261343 0.396245415 0.739236257 0.996634915 0.050934252 0.0498881207 -0.0435865682
1569155659.505401000 -0.314006757 0.393914244 0.744683324 0.997386677 0.0421297349 0.0470745449 -0.0386491576
1569155659.638978000 -0.314725429 0.407879075 0.702269423 0.99821973 0.0353255029 0.0395987448 -0.0317384573
1569155659.772571000 -0.315077169 0.394661755 0.670868357 0.998357998 0.0424596481 0.0278291029 -0.0311444951
1569155659.906151000 -0.316635702 0.397916154 0.646278829 0.998718168 0.0365136777 0.0279559969 -0.0267402818
1569155660.039696000 -0.319156384 0.404817512 0.628736993 0.998532186 0.0365420946 0.0315274656 -0.0295402678
1569155660.173292000 -0.329085156 0.397299203 0.569338108 0.99896712 0.022392177 0.0383099074 -0.0191126917
1569155660.307053000 -0.328098489 0.399040254 0.523973003 0.999083927 0.0226876629 0.0351061933 -0.0188108437
1569155660.440448000 -0.333401017 0.394197054 0.482022932 0.999269184 0.0185120511 0.0367406737 -0.0062841278
1569155660.574016000 -0.337751393 0.396432594 0.42332801 0.99915568 0.019153082 0.0389950054 -0.00849877563
1569155660.707567000 -0.339538671 0.397000511 0.362099523 0.999231968 0.0188473485 0.0375866566 -0.00634147028
1569155660.841216000 -0.340198227 0.396846313 0.297891785 0.999764889 0.0116666761 0.0238585005 -0.00611530839
1569155660.974733000 -0.343415526 0.383557843 0.259001552 0.99985757 -0.000739933772 0.0234744849 0.00250922805
1569155661.108306000 -0.345277044 0.395045051 0.211831711 0.999854472 -0.0113879544 0.0208557202 0.000614990952
1569155661.242112000 -0.348205805 0.393170428 0.171164406 0.999851966 -0.0158068532 0.0166706945 0.00657265439
1569155661.375455000 -0.354593432 0.394883561 0.137498833 0.999935904 -0.0173684343 0.00928026226 0.00394699112
1569155661.509056000 -0.358171535 0.387576909 0.109563931 1.00006958 -0.00617996101 0.00925293241 0.00371976992
1569155661.642632000 -0.354585963 0.400189986 0.0769580289 1.00005981 -0.0081832957 0.00744042349 0.00596626594
1569155661.776195000 -0.361090176 0.400882723 0.0276738505 1.00004658 -0.0114304934 0.00470186945 0.00559652251
1569155661.909771000 -0.369006086 0.3865481 0.00606266279 0.99986361 -0.00469858396 0.0223734741 0.00523178822
1569155662.043352000 -0.370168485 0.40262722 -0.0301255494 0.999806912 -0.00899781274 0.0234739308 -0.00557712799
1569155662.176897000 -0.369720236 0.386581082 -0.0368423922 0.999776898 -0.0180431878 0.0190696607 -0.00580970161
1569155662.310507000 -0.368998108 0.393037492 -0.0442848171 0.999852664 -0.0110854091 0.0180414548 -0.0111450374
1569155662.444075000 -0.371203285 0.393777757 -0.0434194367 0.999950812 -0.00651163339 0.0132123304 -0.0126085715
1569155662.577646000 -0.373615833 0.442454529 -0.0335658953 0.999780616 -0.0062701715 0.0112607375 -0.0234703365
1569155662.711241000 -0.370904264 0.39950196 -0.0458822109 1.00001358 -0.00327649478 0.00270917402 -0.015299723
1569155662.844825000 -0.370303335 0.388809042 -0.0651933853 1.00002916 -0.00306237371 -0.00512137871 -0.0136478616
1569155662.978366000 -0.374470326 0.401312088 -0.0541495891 0.999971591 -0.00382866287 -0.00520136736 -0.0172174266
1569155663.111975000 -0.36993911 0.382273281 -0.0557338991 1.00002702 -0.00468099667 -0.00526985057 -0.0133568319
1569155663.245531000 -0.373063002 0.385131228 -0.0572392765 1.00000819 -0.00500984239 -0.00561413196 -0.014510734
1569155663.379103000 -0.37321265 0.385335646 -0.0527976319 1.00002542 -0.00343325027 -0.0047006458 -0.0141197687
1569155663.512678000 -0.372624835 0.391195364 -0.0559873184 0.999998313 -0.00583045884 -0.00504821447 -0.0151157803
1569155663.646262000 -0.371087851 0.394316604 -0.0540220012 0.99999575 -0.00479504863 -0.0048295801 -0.0157137138
1569155663.779814000 -0.375729933 0.377748723 -0.055651803 1.00002838 -0.00649201538 -0.00532251159 -0.0125893509
1569155663.913399000 -0.375288848 0.389255491 -0.0585818532 1.00001308 -0.00226517356 -0.00639049732 -0.0146434267
1569155664.046969000 -0.373331431 0.38805441 -0.0487876437 1.00001229 -0.00446467295 -0.0035845426 -0.0151636831
1569155664.180568000 -0.369914182 0.39429936 -0.0563929676 0.999998367 -0.0039479884 -0.00466179649 -0.0159285177
1569155664.314150000 -0.371341034 0.401858739 -0.0367220399 0.99998163 -0.00503166474 -0.00154193385 -0.0172434604
1569155664.447740000 -0.371282591 0.40642035 -0.0384007316 0.999964219 -0.00509403722 -0.000895140042 -0.018257403
1569155664.581315000 -0.374368748 0.377333555 -0.0592363989 1.00005244 -0.00265025056 -0.00602778546 -0.0118623935
1569155664.714859000 -0.3705367 0.389846093 -0.051818514 1.00001882 -0.00512629579 -0.00471997447 -0.0142758213
1569155664.848425000 -0.371754818 0.402080093 -0.0505158373 0.999964302 -0.0038233748 -0.00409190648 -0.0181709338
1569155664.982120000 -0.370063136 0.400610303 -0.0472029597 0.999977339 -0.00434729361 -0.00362690505 -0.0174473094
1569155665.115584000 -0.362733501 0.407874746 -0.0309725552 0.999829007 -0.00254964522 -0.0121964194 -0.0218860235
1569155665.249165000 -0.3591602 0.405185195 -0.032838065 0.999789944 -0.000974444685 -0.0160940456 -0.0212643945
1569155665.382741000 -0.346885776 0.394276701 -0.0487770515 0.999786865 0.00163692452 -0.0195093469 -0.0183330171
1569155665.516322000 -0.338355251 0.394168265 -0.0551862924 0.999786595 -0.0024001505 -0.0208900727 -0.0166573024
1569155665.649909000 -0.325872642 0.407668409 -0.0413868661 0.999680541 -0.00327522431 -0.0195842603 -0.0231996213
1569155665.783469000 -0.310845493 0.415121887 -0.0429863394 0.9994695 -0.00394220917 -0.0203468792 -0.0304178748
1569155665.917048000 -0.29502625 0.417651917 -0.046645678 0.999238411 -0.00597546487 -0.0214103469 -0.0363731772
1569155666.050634000 -0.275379593 0.42060117 -0.0443256863 0.99904715 -0.00656861504 -0.022316415 -0.040723096
1569155666.184194000 -0.255876477 0.404922637 -0.0580616092 0.998796687 -0.00337440798 -0.0264751554 -0.0445828339
1569155666.317753000 -0.216485444 0.450044178 -0.0436227097 0.997791446 -0.00308853136 -0.0230278837 -0.0645595961
1569155666.451357000 -0.185167848 0.436013557 -0.0413301919 0.997441067 -0.00190772288 -0.0250586484 -0.0691057945
1569155666.584925000 -0.144788121 0.446350873 -0.031152098 0.996867539 -0.00377776607 -0.0227332262 -0.0775980931
1569155666.718501000 -0.111559639 0.435156536 -0.0395725733 0.996483936 -0.00126981773 -0.0249890183 -0.0818038452
1569155666.852090000 -0.0720373815 0.454301854 -0.0190060983 0.996083212 0.00102102916 -0.0192387456 -0.0880088564
1569155666.985643000 -0.0402225257 0.419530094 -0.031377854 0.996609144 0.00071379425 -0.0240723883 -0.0805577609
1569155667.119273000 -0.00135790125 0.417333802 -0.0343594297 0.996686041 0.000907410168 -0.0262766033 -0.0789035698
1569155667.252824000 0.031668954 0.409966872 -0.0244553581 0.997517081 0.00310944848 -0.022627294 -0.0688363447
1569155667.386383000 0.0623539807 0.41408601 -0.0269892386 0.99752204 0.00244895634 -0.0235292017 -0.0684944707
1569155667.519992000 0.0972145723 0.402497836 -0.0243790389 0.997291924 0.00302079044 -0.0235182046 -0.0717523088
1569155667.653541000 0.128457536 0.399835937 -0.022697517 0.996717617 0.00153937018 -0.0234683674 -0.0793916674
1569155667.787112000 0.168859454 0.401612018 -0.0296176752 0.996121697 0.00176412236 -0.0250030444 -0.0861159653
1569155667.920690000 0.201520324 0.387638443 -0.0191332776 0.995815761 0.0023201588 -0.0219964692 -0.0903565317
1569155668.054266000 0.231991768 0.376263476 -0.0286504627 0.995375591 -5.88020698e-05 -0.0246947863 -0.0944488967
1569155668.187813000 0.256508843 0.371375268 -0.00904711285 0.995104672 0.00268286336 -0.01822279 -0.0986449902
1569155668.321417000 0.273529119 0.359842663 -0.0208175265 0.994790017 -0.000881053642 -0.0212156721 -0.101222584
1569155668.455021000 0.285059832 0.354012066 -0.0168977762 0.994287262 0.000558952382 -0.0204099475 -0.106209355
1569155668.588546000 0.29860364 0.357099389 -0.0237113614 0.99392942 -0.000447923119 -0.0218178735 -0.109241569
1569155668.722138000 0.300226761 0.345658393 -0.0173181385 0.994483171 0.00232142127 -0.0203105536 -0.104362088
1569155668.855729000 0.300540013 0.353189378 -0.0108818428 0.994293807 0.00612544081 -0.0174813412 -0.106502598
1569155668.989294000 0.30907311 0.343037508 -0.0134972821 0.9942646 0.00503339723 -0.0191596832 -0.10654562
1569155669.122878000 0.318742922 0.342410654 -0.0161313334 0.993915228 0.00380990885 -0.020802294 -0.109507535
1569155669.256413000 0.329966223 0.342962818 -0.0124686345 0.993652635 0.000762149541 -0.0194421219 -0.112174176
1569155669.390033000 0.335769956 0.341937081 -0.00594880522 0.993632817 0.00326794336 -0.017240757 -0.112662975
1569155669.523622000 0.339310242 0.344239801 -0.0109020341 0.993607314 0.00542808094 -0.0189019697 -0.112540915
1569155669.657173000 0.339027246 0.342957983 -0.0104612132 0.993636946 0.00515766648 -0.0195021972 -0.112192295
1569155669.790729000 0.32942287 0.326950056 -0.019893164 0.994250205 0.00453833373 -0.0225550889 -0.106045377
1569155669.924324000 0.327598184 0.340102468 -0.00610197351 0.99424734 0.00495371997 -0.0176608449 -0.106981348
1569155670.057887000 0.317208152 0.340516574 -0.0205378562 0.994646157 0.0024981426 -0.0221356101 -0.102433083
1569155670.191523000 0.30186059 0.347971344 -0.0188288227 0.995374201 0.00120070217 -0.0211548599 -0.0953473318
1569155670.325055000 0.283220199 0.345663292 -0.0150830207 0.996239557 0.000754657997 -0.0195306766 -0.0862258067
1569155670.458619000 0.264022179 0.364949523 -0.00989365906 0.996745824 0.0037644763 -0.0181557995 -0.080400714
1569155670.592206000 0.247760632 0.383889816 -0.0104878303 0.997384172 0.0042411564 -0.019656391 -0.0716320314
1569155670.725754000 0.219544807 0.372921149 -0.0076155632 0.998376337 0.000829543179 -0.0164431268 -0.0573114117
1569155670.926130000 0.175128548 0.372566757 -0.019110808 0.997580642 0.000697545745 -0.0216661139 -0.0683701221
1569155671.059737000 0.141463653 0.359697746 -0.0265503118 0.995700595 0.00290761721 -0.025525815 -0.0907403997
1569155671.193311000 0.107343013 0.362286711 -0.0154011627 0.99312587 -0.000219900291 -0.0222054604 -0.11628624
1569155671.326924000 0.0626340796 0.329094888 -0.0343017728 0.991338926 -0.000450511917 -0.0271878658 -0.129707561
1569155671.460457000 0.0151512457 0.32225057 -0.0282906223 0.991206979 0.00184453033 -0.0269512548 -0.130751047
1569155671.594038000 -0.0280994424 0.301615017 -0.0311869404 0.992658204 0.00237475043 -0.027139454 -0.119178836
1569155671.727592000 -0.0736091581 0.312869886 -0.0266487891 0.993490342 -9.64004841e-05 -0.025851521 -0.112361534
1569155671.861186000 -0.117792744 0.331882763 -0.0213947654 0.994561485 0.00198096795 -0.0246293428 -0.102731216
1569155671.994743000 -0.164683315 0.337193093 -0.0150311959 0.995788027 7.3756148e-05 -0.0232831768 -0.0904515538
1569155672.128325000 -0.21036583 0.337507878 -0.0403977053 0.996410692 -0.00518771481 -0.0289728754 -0.0813464374
1569155672.261927000 -0.2497107 0.372900542 -0.0534636983 0.996296581 -0.0105045038 -0.0312054311 -0.0814090646
1569155672.395473000 -0.292963284 0.352734513 -0.0632673386 0.996987192 -0.0108880969 -0.0326753352 -0.0717550992
1569155672.529053000 -0.339168373 0.353076346 -0.0538793104 0.997110799 -0.0111644325 -0.0306689525 -0.0708827576
1569155672.662634000 -0.373796726 0.39765617 -0.0702096615 0.996628633 -0.00994165947 -0.0318324313 -0.0770708311
1569155672.796220000 -0.403331139 0.350438026 -0.0684735194 0.997430342 -0.00682982705 -0.0297629894 -0.0672461179
1569155672.929802000 -0.435932497 0.376743429 -0.0647621695 0.997290505 -0.00188055526 -0.0277582037 -0.0704245164
1569155673.063389000 -0.459201418 0.38143357 -0.0647155754 0.997341006 -0.00507193167 -0.0269866005 -0.0698496416
1569155673.196934000 -0.489003832 0.411621649 -0.0741999545 0.997018451 -0.00629476101 -0.0278695259 -0.0738933594
1569155673.330513000 -0.509260906 0.372356938 -0.0622487391 0.99779218 -0.00512971228 -0.0235356336 -0.0644460337
1569155673.464095000 -0.528429405 0.382959424 -0.0535651032 0.997742385 -0.01006227 -0.0208404151 -0.0655576267
1569155673.597648000 -0.545096681 0.394298267 -0.0734006019 0.997620717 -0.00943611925 -0.0248641988 -0.0660978472
1569155673.731250000 -0.570820957 0.406053954 -0.0708411463 0.997711929 -0.00733852477 -0.0233431126 -0.0655497623
1569155673.864827000 -0.593921067 0.373611532 -0.0633632225 0.998143658 -0.0132245649 -0.0222858125 -0.0579930775
1569155673.998375000 -0.62473762 0.378789882 -0.0652704441 0.998322011 -0.0136312269 -0.0223315662 -0.0547239621
1569155674.132001000 -0.648922354 0.402643699 -0.0634416819 0.998339397 -0.00818098898 -0.022006902 -0.0556231428
1569155674.265540000 -0.680171508 0.400009163 -0.0642516933 0.998541439 -0.00392653852 -0.0213676801 -0.0526298945
1569155674.399112000 -0.711850877 0.402167045 -0.0888949131 0.998378035 -0.00739587936 -0.026498012 -0.0530302832
1569155674.532732000 -0.738272784 0.406906971 -0.0818890331 0.998225742 -0.0112588644 -0.0261755208 -0.0553343497
1569155674.666266000 -0.766607441 0.375466944 -0.110131951 0.998271629 -0.0102524741 -0.031709363 -0.0516880437
1569155674.799837000 -0.80566381 0.385755168 -0.0747558984 0.998146094 -0.00720117847 -0.0253438456 -0.0577904772
1569155674.933438000 -0.834465275 0.388344327 -0.0949335554 0.997877616 -0.0113255756 -0.0285642939 -0.0602226378
1569155675.066998000 -0.854358557 0.462282858 -0.104514532 0.997025999 -0.0112285795 -0.030653008 -0.0721480989
1569155675.200581000 -0.879158715 0.399977708 -0.0499698935 0.997983769 -0.0145411997 -0.0207893839 -0.0609669151
1569155675.334151000 -0.905925283 0.462638948 -0.0945827148 0.997384971 -0.00725258427 -0.0275929885 -0.0688625417
1569155675.467741000 -0.927916792 0.416184571 -0.0682427927 0.997993371 -0.0157486684 -0.0232480384 -0.0596196984
1569155675.601324000 -0.938544311 0.422898517 -0.164167965 0.997546533 -0.0117433001 -0.0395735932 -0.05942872
1569155675.734887000 -0.954335762 0.47027868 -0.119256236 0.997415497 -0.0141921244 -0.0311332427 -0.065777107
1569155675.868464000 -0.95505316 0.424730354 -0.0760966223 0.998061382 -0.0140957128 -0.0242362361 -0.0585035309
1569155676.002048000 -0.963945697 0.422468556 -0.075645021 0.998100973 -0.0140544341 -0.0242904251 -0.0578203438
1569155676.135606000 -0.962791877 0.433719197 -0.0778236063 0.997944318 -0.0139620996 -0.0253081137 -0.0600726669
1569155676.269189000 -0.955776057 0.41584416 -0.102141556 0.998043249 -0.0122264674 -0.0281672718 -0.0574805948
1569155676.402760000 -0.956294234 0.410139351 -0.12492826 0.997965206 -0.0125492187 -0.0320554436 -0.0567337162
1569155676.536349000 -0.953726741 0.482038507 -0.0963677475 0.997324837 -0.0137298563 -0.0270452728 -0.0690109755
1569155676.669905000 -0.958141336 0.326693269 -0.0885227488 0.998755174 -0.0103248031 -0.025708569 -0.045397079
1569155676.803491000 -0.930230886 0.395480582 -0.0610438464 0.998237147 -0.0121809941 -0.0212286018 -0.0571385699
1569155676.937053000 -0.905689553 0.425486612 -0.0619935782 0.99780558 -0.0132579368 -0.021644572 -0.0638885363
1569155677.070632000 -0.869011852 0.445513892 -0.0990107599 0.996925719 -0.0113329133 -0.028611654 -0.0744003176
1569155677.204231000 -0.847162543 0.401031466 -0.0745220034 0.997088155 -0.0123542839 -0.0238027687 -0.0737536746
1569155677.337807000 -0.81634016 0.41440985 -0.0812316413 0.996751353 -0.0113320629 -0.0243874621 -0.0781585897
1569155677.471375000 -0.786379504 0.42236068 -0.0841061425 0.996460865 -0.0119375351 -0.0254291115 -0.0813858842
1569155677.604965000 -0.749570412 0.44306559 -0.115517718 0.995789206 -0.0136367924 -0.0316035142 -0.0869892985
1569155677.738507000 -0.711381148 0.424631868 -0.0658429411 0.996449814 -0.0134638853 -0.0216438342 -0.0823815382
1569155677.872108000 -0.671276078 0.424173814 -0.0441544851 0.996782371 -0.0101967226 -0.0180126838 -0.0796558859
1569155678.005671000 -0.63778451 0.470117373 -0.114271713 0.995921017 -0.0128345186 -0.032044112 -0.085437361
1569155678.139247000 -0.598053294 0.457618395 -0.095814743 0.996383073 -0.012823253 -0.0312826838 -0.0801770087
1569155678.272832000 -0.559758884 0.471931283 -0.096487117 0.996499946 -0.0108645007 -0.0302478692 -0.0794081945
1569155678.406398000 -0.530120034 0.464074227 -0.0589879546 0.996651254 -0.00880059623 -0.0224775589 -0.0803414783
1569155678.539964000 -0.481405945 0.537335033 -0.0526626885 0.995067686 -0.00936680605 -0.0222482229 -0.098030977
1569155678.673545000 -0.445445183 0.477384039 -0.0566775914 0.995275137 -0.00802588402 -0.0231014114 -0.095822509
1569155678.807156000 -0.406916409 0.488452476 -0.0533806379 0.994353313 -0.00557333641 -0.0225318041 -0.105242768
1569155678.940741000 -0.374291373 0.460776695 -0.068909219 0.994539344 -0.00679778916 -0.0266351187 -0.102420497
1569155679.074291000 -0.346973617 0.467737369 -0.0473033441 0.994117714 -0.00929849566 -0.0226216512 -0.107177537
1569155679.207868000 -0.317374876 0.461908582 -0.0497586189 0.993896967 -0.0117840671 -0.0253381881 -0.108368471
1569155679.341425000 -0.292606129 0.466974619 -0.0405570094 0.993470928 -0.0116910809 -0.0235963901 -0.1125986
1569155679.474992000 -0.266668168 0.449418962 -0.0540807444 0.993838689 -0.00963832423 -0.0275087473 -0.108587117
1569155679.608569000 -0.24291094 0.450674751 -0.0470958454 0.993805861 -0.0135406157 -0.0269640215 -0.108612589
1569155679.742180000 -0.220878561 0.446323322 -0.0451092926 0.993937833 -0.0115865411 -0.0250506624 -0.108090727
1569155679.875718000 -0.194619626 0.460076268 -0.0332004564 0.993618323 -0.00914839781 -0.0208819758 -0.112078084
1569155680.009304000 -0.185937371 0.450550176 -0.0447805901 0.993843573 -0.0134821017 -0.0256680418 -0.108596385
1569155680.142899000 -0.180567478 0.442409876 -0.0443497925 0.993889932 -0.0130013796 -0.0264448439 -0.108047229
1569155680.276461000 -0.184204232 0.46424641 -0.0369553083 0.993435501 -0.0123909542 -0.0248752683 -0.112575964
1569155680.410042000 -0.182798626 0.441933213 -0.0450118776 0.993897103 -0.0136380553 -0.0260382255 -0.108005776
1569155680.543604000 -0.185612387 0.44217673 -0.0392254167 0.993874181 -0.0156794767 -0.0253366571 -0.108108191
1569155680.677172000 -0.186741437 0.445452331 -0.040167953 0.993804836 -0.0144575952 -0.0250626933 -0.108978262
1569155680.810801000 -0.189613219 0.451309564 -0.0409975051 0.993809596 -0.0134905683 -0.0250907718 -0.109054698
1569155680.944342000 -0.193276027 0.438229675 -0.0326356276 0.994161168 -0.00930811247 -0.0227118851 -0.106790125
1569155681.077909000 -0.192461169 0.4603351 -0.0498781418 0.993592532 -0.0129208018 -0.0265674085 -0.110750932
1569155681.211484000 -0.198238004 0.450139801 -0.0377574652 0.993927708 -0.0107627186 -0.0234770247 -0.108654931
1569155681.345056000 -0.19974501 0.438426507 -0.0505367756 0.994039688 -0.015094002 -0.026252055 -0.106462467
1569155681.478650000 -0.197895989 0.443455281 -0.0365908361 0.994028208 -0.0123317879 -0.0225790332 -0.107759899
1569155681.612231000 -0.194420387 0.452282855 -0.0530626863 0.993823092 -0.010029281 -0.0263472727 -0.109027941
1569155681.745879000 -0.197546209 0.446198933 -0.0454934342 0.99405398 -0.00858670377 -0.0246440897 -0.107437148
1569155681.879372000 -0.200425099 0.458811589 -0.0420770841 0.993722745 -0.0113684847 -0.0241114794 -0.110326604
1569155682.012951000 -0.201537965 0.447166868 -0.0368793912 0.993905849 -0.0106059625 -0.0225982056 -0.109068505
1569155682.146525000 -0.201000681 0.454280869 -0.0458259857 0.993836605 -0.00994457685 -0.0248988915 -0.109262361
1569155682.280099000 -0.19838679 0.468802666 -0.0397188754 0.993556885 -0.0107537567 -0.0227562581 -0.112161927
1569155682.413690000 -0.198382773 0.440535705 -0.0356933447 0.994117394 -0.0100982863 -0.0221939754 -0.107264238
1569155682.547268000 -0.201483176 0.447436552 -0.0416780135 0.993898815 -0.0125415652 -0.0234219507 -0.108762713
1569155682.680834000 -0.196839052 0.448577254 -0.0513988335 0.993873545 -0.0138592879 -0.0259301191 -0.108264182
1569155682.814419000 -0.198706239 0.447776056 -0.0458960573 0.993921463 -0.00979669272 -0.0244102928 -0.108625026
